Dataset	cutoff	DEG_orgin	target_and_related_path_num	cancer_path_gene_union	intersection(DEG_in_target_and_related_path)	Gsocre(enrich gene-path pairs) 	others	others_delNan	others_Nan	answer_set	answer_set_delNan	TP	FP	TN	FN	recall	precision	accuracy	TPR	FPR	Gscore_F0.5	Gscore_accuracy	enrich gene-path pairs 	others	others_delNan	others_Nan	answer_set	answer_set_delNan	TP	FP	TN	FN	recall	precision	accuracy	TPR	FPR	NEA_F0.5	NEA_accuracy
BLCA	0.01	4289	73	3443	864	714	58902	19825	39077	2341	2341	251	463	17735	2090	0.10721913712088851	0.35154061624649857	0.8756998880179171	0.10721913712088851	0.025442356302890427	0.2414854723879161	0.8756998880179171	8329	51287	24176	27111	2341	2213	1643	6686	23606	570	0.7424310890194307	0.1972625765398007	0.7767728041839717	0.7424310890194307	0.22071834147629737	0.23121956711418842	0.7767728041839717
BLCA	0.05	4289	73	3443	864	1702	57914	18837	39077	2341	2341	763	939	17259	1578	0.32592909013242205	0.4482961222091657	0.8774526510540922	0.32592909013242205	0.05159907682162875	0.41698546289211935	0.8774526510540922	9969	49647	22536	27111	2341	2213	1743	8226	22066	470	0.7876186172616357	0.17484201023171833	0.7324719273957853	0.7876186172616357	0.271556846692196	0.2070612273990829	0.7324719273957853
BLCA	0.1	4289	73	3443	864	2620	56996	17919	39077	2341	2341	1163	1457	16741	1178	0.4967962409226826	0.4438931297709924	0.8717074833244072	0.4967962409226826	0.08006374326849104	0.45355276499493025	0.8717074833244072	10926	48690	21579	27111	2341	2213	1789	9137	21155	424	0.8084048802530501	0.16373787296357312	0.7058606368251038	0.8084048802530501	0.3016307936088736	0.19480802317224555	0.7058606368251038
BRCA	0.01	4248	73	3443	905	566	61879	19409	42470	2504	2504	258	308	17163	2246	0.10303514376996806	0.4558303886925795	0.8721401752190238	0.10303514376996806	0.017629214126266383	0.2705536912751678	0.8721401752190238	8350	54095	24454	29641	2504	2363	1763	6587	23854	600	0.7460854845535336	0.21113772455089821	0.780910864528716	0.7460854845535336	0.21638579547321046	0.24648379610211674	0.780910864528716
BRCA	0.05	4248	73	3443	905	1402	61043	18573	42470	2504	2504	815	587	16884	1689	0.3254792332268371	0.5813124108416547	0.8860575719649562	0.3254792332268371	0.033598534714670024	0.5023422090729783	0.8860575719649562	10030	52415	22774	29641	2504	2363	1869	8161	22280	494	0.7909437156157427	0.18634097706879363	0.7361602243628825	0.7909437156157427	0.2680923754147367	0.21997034107760752	0.7361602243628825
BRCA	0.1	4248	73	3443	905	2142	60303	17833	42470	2504	2504	1177	965	16506	1327	0.4700479233226837	0.5494864612511672	0.8852565707133917	0.4700479233226837	0.05523438841508786	0.5315209537572254	0.8852565707133917	10997	51448	21807	29641	2504	2363	1918	9079	21362	445	0.8116800677105375	0.17441120305537874	0.7096695524935983	0.8116800677105375	0.2982490719752965	0.2068995275182844	0.7096695524935983
CESC	0.01	4149	73	3443	815	406	55829	10263	45566	2304	2304	217	189	8176	2087	0.09418402777777778	0.5344827586206896	0.7866716655731558	0.09418402777777778	0.022594142259414227	0.27622199592668023	0.7866716655731558	7790	48445	24532	23913	2304	2186	1609	6181	23955	577	0.7360475754803294	0.20654685494223363	0.7909164036878906	0.7360475754803294	0.20510353066100345	0.24125832183770166	0.7909164036878906
CESC	0.05	4149	73	3443	815	1335	54900	9334	45566	2304	2304	913	422	7943	1391	0.3962673611111111	0.6838951310861423	0.830068422532571	0.3962673611111111	0.05044829647340108	0.59720041862899	0.830068422532571	9288	46947	23034	23913	2304	2186	1704	7584	22552	482	0.7795059469350412	0.1834625322997416	0.7504486108532887	0.7795059469350412	0.2516591452083886	0.21658447302862374	0.7504486108532887
CESC	0.1	4149	73	3443	815	2037	54198	8632	45566	2304	2304	1322	715	7650	982	0.5737847222222222	0.648993618065783	0.840941044146593	0.5737847222222222	0.08547519426180514	0.6324148488327594	0.840941044146593	10185	46050	22137	23913	2304	2186	1754	8431	21705	432	0.8023787740164684	0.17221404025527737	0.7257904832621743	0.8023787740164684	0.2797650650384922	0.20430508316637935	0.7257904832621743
CHOL	0.01	6479	73	3443	1197	1084	81509	43860	37649	3251	3251	322	762	40931	2929	0.09904644724700093	0.29704797047970477	0.917875578497686	0.09904644724700093	0.01827644928405248	0.21220508764992752	0.917875578497686	10969	71624	34463	37161	3251	3077	2317	8652	33703	760	0.7530061748456288	0.21123165283982132	0.7928332452896637	0.7530061748456288	0.20427340337622477	0.24673609779992758	0.7928332452896637
CHOL	0.05	6479	73	3443	1197	1618	80975	43326	37649	3251	3251	422	1196	40497	2829	0.1298062134727776	0.26081582200247216	0.9104441082235671	0.1298062134727776	0.02868587052982515	0.21701121053172892	0.9104441082235671	13241	69352	32191	37161	3251	3077	2439	10802	31553	638	0.7926551836204095	0.18420058907937467	0.7481951047719669	0.7926551836204095	0.25503482469602173	0.21760853660712695	0.7481951047719669
CHOL	0.1	6479	73	3443	1197	2131	80462	42813	37649	3251	3251	506	1625	40068	2745	0.15564441710243002	0.23744720788362272	0.9027678889284443	0.15564441710243002	0.03897536756769721	0.21486199575371548	0.9027678889284443	14553	68040	30879	37161	3251	3077	2511	12042	30313	566	0.8160545986350342	0.1725417439703154	0.7224863532312027	0.8160545986350342	0.2843111793176721	0.20484915727128852	0.7224863532312027
COAD	0.01	4819	73	3443	1001	1903	67166	27469	39697	2704	2704	402	1501	25167	2302	0.14866863905325445	0.21124540199684708	0.8705229470243769	0.14866863905325445	0.05628468576571172	0.1948429623885227	0.8705229470243769	9203	59866	26307	33559	2704	2555	1958	7245	25710	597	0.7663405088062623	0.21275670976855374	0.7791607997747113	0.7663405088062623	0.21984524351388257	0.24868544720197122	0.7791607997747113
COAD	0.05	4819	73	3443	1001	3447	65622	25925	39697	2704	2704	1008	2439	24229	1696	0.3727810650887574	0.2924281984334204	0.8592196649870625	0.3727810650887574	0.09145792710364482	0.3056027164685909	0.8592196649870625	10954	58115	24556	33559	2704	2555	2062	8892	24063	493	0.8070450097847358	0.18824173817783457	0.7357082511968459	0.8070450097847358	0.2698224852071006	0.22233723663496582	0.7357082511968459
COAD	0.1	4819	73	3443	1001	4756	64313	24616	39697	2704	2704	1383	3373	23295	1321	0.5114644970414202	0.2907905803195963	0.8401879340868855	0.5114644970414202	0.12648117594120295	0.3182529455081001	0.8401879340868855	11986	57083	23524	33559	2704	2555	2105	9881	23074	450	0.8238747553816047	0.17562155848489905	0.7090678682061391	0.8238747553816047	0.2998331057502655	0.20841996871225174	0.7090678682061391
HNSC	0.01	3566	73	3443	757	790	51443	12549	38894	1927	1927	340	450	10962	1587	0.17644006227296316	0.43037974683544306	0.8472899017917385	0.17644006227296316	0.03943217665615142	0.33418517790446234	0.8472899017917385	6206	46027	19643	26384	1927	1791	1342	4864	19194	449	0.7493020658849805	0.2162423461166613	0.7944601338543077	0.7493020658849805	0.2021780696649763	0.2521134698478302	0.7944601338543077
HNSC	0.05	3566	73	3443	757	1525	50708	11814	38894	1927	1927	727	798	10614	1200	0.3772703684483653	0.47672131147540986	0.8502136591948422	0.3772703684483653	0.06992639327024185	0.45284664258128815	0.8502136591948422	7472	44761	18377	26384	1927	1791	1425	6047	18011	366	0.7956448911222781	0.1907119914346895	0.7519052961429843	0.7956448911222781	0.25135090198686505	0.2249124025379589	0.7519052961429843
HNSC	0.1	3566	73	3443	757	2087	50146	11252	38894	1927	1927	1007	1080	10332	920	0.5225739491437468	0.4825107810253953	0.85006372291776	0.5225739491437468	0.0946372239747634	0.4900243309002433	0.85006372291776	8193	44040	17656	26384	1927	1791	1460	6733	17325	331	0.8151870463428252	0.17820090321005735	0.726720569461101	0.8151870463428252	0.2798653254634633	0.21120851777912797	0.726720569461101
KICH	0.01	5717	73	3443	1116	825	76179	35708	40471	2919	2919	199	626	32988	2720	0.06817403220280918	0.2412121212121212	0.9084115730982947	0.06817403220280918	0.018623192717320165	0.15999356809776488	0.9084115730982947	10528	66476	28900	37576	2919	2769	2107	8421	28238	662	0.7609245214879018	0.20013297872340424	0.7696307192857867	0.7609245214879018	0.22971166698491502	0.2347318464383592	0.7696307192857867
KICH	0.05	5717	73	3443	1116	1548	75456	34985	40471	2919	2919	406	1142	32472	2513	0.13908872901678657	0.2622739018087855	0.899953466728711	0.13908872901678657	0.033973939429999406	0.22280759521457577	0.899953466728711	12556	64448	26872	37576	2919	2769	2219	10337	26322	550	0.8013723365836042	0.17672825740681747	0.7238764329917825	0.8013723365836042	0.2819771406748684	0.20936727492310309	0.7238764329917825
KICH	0.1	5717	73	3443	1116	2218	74786	34315	40471	2919	2919	589	1629	31985	2330	0.20178143199725934	0.2655545536519387	0.8916322229217419	0.20178143199725934	0.048461950377818766	0.24976677126622004	0.8916322229217419	13710	63294	25718	37576	2919	2769	2269	11441	25218	500	0.8194293968941856	0.16549963530269876	0.6971441615095871	0.8194293968941856	0.31209252843776425	0.19693103508132412	0.6971441615095871
KIRC	0.01	4938	73	3443	1042	2312	69586	25029	44557	2763	2763	493	1819	22759	2270	0.17842924357582338	0.21323529411764705	0.8504443875498335	0.17842924357582338	0.07400927658881927	0.20522854050453748	0.8504443875498335	9809	62089	27283	34806	2763	2608	1980	7829	26655	628	0.75920245398773	0.20185543888265878	0.771999352960207	0.75920245398773	0.22703282681823456	0.23659305993690852	0.771999352960207
KIRC	0.05	4938	73	3443	1042	3416	68482	23925	44557	2763	2763	1000	2416	22162	1763	0.3619254433586681	0.2927400468384075	0.8471526279214366	0.3619254433586681	0.09829929204980063	0.30437694040299507	0.8471526279214366	11624	60274	25468	34806	2763	2608	2088	9536	24948	520	0.8006134969325154	0.17962835512732278	0.7288903267550955	0.8006134969325154	0.27653404477438814	0.21260997067448678	0.7288903267550955
KIRC	0.1	4938	73	3443	1042	4212	67686	23129	44557	2763	2763	1283	2929	21649	1480	0.4643503438291712	0.3046058879392213	0.8387403533155334	0.4643503438291712	0.11917161689315649	0.3271123349140788	0.8387403533155334	12704	59194	24388	34806	2763	2608	2136	10568	23916	472	0.8190184049079755	0.1681360201511335	0.7023616952442575	0.8190184049079755	0.3064609674051734	0.19991015274034143	0.7023616952442575
LIHC	0.01	3687	73	3443	779	995	52756	14669	38087	2008	2008	307	688	12968	1701	0.15288844621513945	0.3085427135678392	0.8474846782431052	0.15288844621513945	0.05038078500292911	0.25634602538410156	0.8474846782431052	6575	47176	21052	26124	2008	1896	1370	5205	20526	526	0.7225738396624473	0.20836501901140683	0.7925580048503276	0.7225738396624473	0.20228518129882242	0.2429422613136615	0.7925580048503276
LIHC	0.05	3687	73	3443	779	1980	51771	13684	38087	2008	2008	794	1186	12470	1214	0.3954183266932271	0.401010101010101	0.8467824310520939	0.3954183266932271	0.08684827182190978	0.39987912973408535	0.8467824310520939	7946	45805	19681	26124	2008	1896	1462	6484	19247	434	0.7710970464135021	0.1839919456330229	0.7495927896622869	0.7710970464135021	0.2519917609109634	0.21704275534441805	0.7495927896622869
LIHC	0.1	3687	73	3443	779	2788	50963	12876	38087	2008	2008	1115	1673	11983	893	0.5552788844621513	0.3999282639885222	0.8361848825331971	0.5552788844621513	0.12251025190392502	0.42363221884498475	0.8361848825331971	8727	45024	18900	26124	2008	1896	1501	7226	18505	395	0.7916666666666666	0.1719949581757763	0.7241466681145257	0.7916666666666666	0.28082857253896076	0.20391805238561025	0.7241466681145257
LUAD	0.01	4430	73	3443	905	941	61504	15696	45808	2271	2271	326	615	13751	1945	0.1435490973139586	0.34643995749202977	0.8461261044659494	0.1435490973139586	0.04280941110956425	0.27009113504556753	0.8461261044659494	8055	54390	24990	29400	2271	2129	1593	6462	24454	536	0.7482386096759042	0.19776536312849163	0.7882281737025268	0.7482386096759042	0.20901798421529305	0.2318844798975225	0.7882281737025268
LUAD	0.05	4430	73	3443	905	1906	60539	14731	45808	2271	2271	893	1013	13353	1378	0.39321884632320564	0.4685204616998951	0.8562841858508144	0.39321884632320564	0.07051371293331476	0.4512379989893886	0.8562841858508144	9693	52752	23352	29400	2271	2129	1681	8012	22904	448	0.7895725692813528	0.17342412049932943	0.7439854743531548	0.7895725692813528	0.2591538362013197	0.2054961981369649	0.7439854743531548
LUAD	0.1	4430	73	3443	905	2710	59735	13927	45808	2271	2271	1247	1463	12903	1024	0.5490973139586085	0.46014760147601474	0.8505139147682875	0.5490973139586085	0.10183767228177641	0.4755548775837084	0.8505139147682875	10623	51822	22422	29400	2271	2129	1722	8901	22015	407	0.8088304368248004	0.1621011013837899	0.7183234982599486	0.8088304368248004	0.2879091732436279	0.19295847246812037	0.7183234982599486
LUSC	0.01	6365	73	3443	1276	2661	85383	24811	60572	3301	3301	657	2004	22167	2644	0.19903059678885188	0.24689966178128522	0.8308095515433896	0.19903059678885188	0.08290927144098299	0.23556830405163137	0.8308095515433896	11590	76454	35163	41291	3301	3093	2324	9266	34394	769	0.751374070481733	0.20051768766177738	0.7853613671849935	0.751374070481733	0.21223087494273934	0.23497057812468405	0.7853613671849935
LUSC	0.05	6365	73	3443	1276	4524	83520	22948	60572	3301	3301	1555	2969	21202	1746	0.4710693729172978	0.3437223695844385	0.8283707047175306	0.4710693729172978	0.12283314715981962	0.36336869654624476	0.8283707047175306	13869	74175	32884	41291	3301	3093	2441	11428	32232	652	0.7892014225670869	0.17600403778210397	0.7416208585545313	0.7892014225670869	0.26174988547869904	0.20838668920418651	0.7416208585545313
LUSC	0.1	6365	73	3443	1276	5788	82256	21684	60572	3301	3301	2096	3692	20479	1205	0.6349591033020296	0.3621285418106427	0.8217457775189284	0.6349591033020296	0.15274502502999462	0.39617434695497666	0.8217457775189284	15142	72902	31611	41291	3301	3093	2498	12644	31016	595	0.8076301325573877	0.16497160216616036	0.7168310054969734	0.8076301325573877	0.2896014658726523	0.1961954728954933	0.7168310054969734
PRAD	0.01	2401	73	3443	490	264	33546	17639	15907	1277	1277	90	174	16452	1187	0.07047768206734534	0.3409090909090909	0.9239792213595487	0.07047768206734534	0.010465535907614579	0.19288469781397344	0.9239792213595487	4284	29526	12946	16580	1277	1195	930	3354	12681	265	0.7782426778242678	0.21708683473389356	0.7899593731863029	0.7782426778242678	0.20916744621141253	0.253668648737112	0.7899593731863029
PRAD	0.05	2401	73	3443	490	679	33131	17224	15907	1277	1277	227	452	16174	1050	0.17776037588097102	0.33431516936671574	0.9161034463497738	0.17776037588097102	0.027186334656562013	0.28424743300776356	0.9161034463497738	5095	28715	12135	16580	1277	1195	977	4118	11917	218	0.8175732217573222	0.191756624141315	0.7483459082994777	0.8175732217573222	0.25681322107888993	0.22641946697566626	0.7483459082994777
PRAD	0.1	2401	73	3443	490	1072	32738	16831	15907	1277	1277	349	723	15903	928	0.27329678935003915	0.3255597014925373	0.9077808188571748	0.27329678935003915	0.04348610609888127	0.3135669362084456	0.9077808188571748	5575	28235	11655	16580	1277	1195	1000	4575	11460	195	0.8368200836820083	0.17937219730941703	0.7231572838073128	0.8368200836820083	0.2853133769878391	0.21281123643328367	0.7231572838073128
READ	0.01	4664	73	3443	937	1502	63151	26653	36498	2516	2516	315	1187	24452	2201	0.1251987281399046	0.2097203728362184	0.8796661339016161	0.1251987281399046	0.04629665743593744	0.18477240732050682	0.8796661339016161	8894	55759	24832	30927	2516	2376	1815	7079	24271	561	0.7638888888888888	0.20407015965819653	0.7734685405918282	0.7638888888888888	0.2258054226475279	0.23911783305227655	0.7734685405918282
READ	0.05	4664	73	3443	937	2716	61937	25439	36498	2516	2516	727	1989	23650	1789	0.2889507154213037	0.26767304860088365	0.8658142425856864	0.2889507154213037	0.07757712859315886	0.2716741405082212	0.8658142425856864	10617	54036	23109	30927	2516	2376	1920	8697	22653	456	0.8080808080808081	0.18084204577564283	0.7286070094289272	0.8080808080808081	0.2774162679425837	0.21407546160021404	0.7286070094289272
READ	0.1	4664	73	3443	937	3751	60902	24404	36498	2516	2516	1057	2694	22945	1459	0.4201112877583466	0.28179152226073045	0.8524951163203693	0.4201112877583466	0.10507430086976871	0.3016552511415525	0.8524951163203693	11602	53051	22124	30927	2516	2376	1961	9641	21709	415	0.8253367003367004	0.16902258231339423	0.7018324141611813	0.8253367003367004	0.30752791068580543	0.2009880288619219	0.7018324141611813
STAD	0.01	3472	73	3443	731	623	49816	18148	31668	1896	1896	265	358	16517	1631	0.13976793248945146	0.42536115569823435	0.894038676682116	0.13976793248945146	0.021214814814814815	0.30195989061075657	0.894038676682116	5914	44525	19524	25001	1896	1776	1331	4583	19079	445	0.7494369369369369	0.225059181602976	0.802342951489897	0.7494369369369369	0.1936860789451441	0.2616782006920415	0.802342951489897
STAD	0.05	3472	73	3443	731	1358	49081	17413	31668	1896	1896	675	683	16192	1221	0.3560126582278481	0.49705449189985274	0.8985669383623675	0.3560126582278481	0.04047407407407407	0.4605622270742358	0.8985669383623675	7177	43262	18261	25001	1896	1776	1400	5777	17885	376	0.7882882882882883	0.19506757698202593	0.7581177765547606	0.7882882882882883	0.244146733158651	0.22962865765647553	0.7581177765547606
STAD	0.1	3472	73	3443	731	1973	48466	16798	31668	1896	1896	937	1036	15839	959	0.4941983122362869	0.4749113025848961	0.8937190346811571	0.4941983122362869	0.061392592592592596	0.4786473232529628	0.8937190346811571	7920	42519	17518	25001	1896	1776	1431	6489	17173	345	0.8057432432432432	0.1806818181818182	0.7313468039940247	0.8057432432432432	0.27423717352717436	0.21386298421807748	0.7313468039940247
THCA	0.01	2614	73	3443	535	98	36817	18436	18381	1491	1491	44	54	16989	1447	0.029510395707578806	0.4489795918367347	0.919013704543002	0.029510395707578806	0.0031684562577011088	0.1168348380244291	0.919013704543002	5249	31666	13608	18058	1491	1388	1047	4202	13267	341	0.7543227665706052	0.19946656506001142	0.7590815081932439	0.7543227665706052	0.24054038582632092	0.2338724088634739	0.7590815081932439
THCA	0.05	2614	73	3443	535	384	36531	18150	18381	1491	1491	180	204	16839	1311	0.12072434607645875	0.46875	0.918258336031078	0.12072434607645875	0.01196972364020419	0.29732408325074333	0.918258336031078	6320	30595	12537	18058	1491	1388	1118	5202	12267	270	0.8054755043227666	0.1768987341772152	0.7098159834544201	0.8054755043227666	0.29778464708912933	0.2096145192740363	0.7098159834544201
THCA	0.1	2614	73	3443	535	667	36248	17867	18381	1491	1491	318	349	16694	1173	0.21327967806841047	0.4767616191904048	0.917880651775116	0.21327967806841047	0.0204776154432905	0.3823034383265208	0.917880651775116	6918	29997	11939	18058	1491	1388	1145	5773	11696	243	0.8249279538904899	0.16551026308181555	0.680967280055152	0.8249279538904899	0.33047112027019293	0.19700619408121128	0.680967280055152
UCEC	0.01	5476	73	3443	1098	643	75119	16884	58235	2966	2966	294	349	14212	2672	0.09912339851652056	0.4572317262830482	0.8276373595024819	0.09912339851652056	0.023968134056726872	0.2654387865655471	0.8276373595024819	10474	65288	30615	34673	2966	2808	2099	8375	29906	709	0.7475071225071225	0.2004009929348864	0.7789189320742778	0.7475071225071225	0.21877693895143804	0.2347664638511095	0.7789189320742778
UCEC	0.05	5476	73	3443	1098	1709	74053	15818	58235	2966	2966	999	710	13851	1967	0.33681726230613623	0.5845523698069046	0.8472642209163006	0.33681726230613623	0.04876038733603461	0.5095898796164048	0.8472642209163006	12452	63310	28637	34673	2966	2808	2208	10244	28037	600	0.7863247863247863	0.17732091230324445	0.7360850835990168	0.7863247863247863	0.2676001149395261	0.20982210734377377	0.7360850835990168
UCEC	0.1	5476	73	3443	1098	2668	73094	14859	58235	2966	2966	1488	1180	13381	1478	0.5016857720836143	0.5577211394302849	0.848348262680436	0.5016857720836143	0.0810383902204519	0.5455345358556972	0.848348262680436	13601	62161	27488	34673	2966	2808	2270	11331	26950	538	0.8084045584045584	0.16689949268436144	0.7111392343449585	0.8084045584045584	0.29599540241895456	0.19838495420541144	0.7111392343449585
