5955
27183
9678
56124
22950
10295
4162
1901
10446
114088
26102
1893
891
5064
9329
55142
115024
56129
1659
10186
28232
8798
23301
79861
388662
23193
79659
6210
4803
203
26166
23431
56111
3479
23596
646405
79140
90411
372
10401
22845
8100
4815
6345
6509
84312
5608
6139
10609
7043
9182
55531
79570
4738
5627
23074
10962
56944
92126
10656
606551
1003
2050
9513
388815
411
29967
1840
55075
8692
196740
2899
56963
11231
4047
2201
8943
254263
2596
1286
2617
10174
26135
399823
9811
2773
27445
205428
1809
54919
8436
2953
6868
387263
23563
4642
23145
4130
6830
9114
131566
5241
51285
60468
2526
54881
253827
83939
56139
5607
79643
92293
26035
51295
100289341
79796
25819
11260
160428
80759
2935
56967
50810
25890
115330
79971
10827
9002
1944
27129
3376
8669
6206
26580
11041
55012
50937
10011
114987
10622
11127
51673
79746
55002
54798
64215
9415
2768
83734
57536
8974
5523
388135
116
4285
92304
8309
10277
51611
252983
63941
79968
1019
57698
148753
4684
2331
221061
162515
4487
51194
10992
8533
7965
83692
10718
9063
84342
5681
112755
10549
55521
9790
57710
5901
83700
51560
6129
8891
824
64374
6925
26040
10785
10767
8518
387103
25996
3234
322
4071
8745
309
92017
5414
128077
1603
5693
7092
6443
64755
51308
8794
27303
135295
158038
84725
55130
51109
9844
129790
54930
25886
7227
948
1397
26052
9920
22854
157753
57452
590
64881
55813
5891
51604
4351
474354
7004
55334
92014
751071
654364
125058
11015
1284
257194
5138
26229
78989
85021
219902
4045
80224
116159
284835
8479
6887
150368
114928
8372
51559
79033
83539
5172
29928
5048
1595
9158
55027
23291
59353
79035
80210
26173
285313
285704
2273
64397
5137
9784
120071
3908
55022
5125
26276
9353
26033
2828
26960
2132
22905
112487
2734
2058
1837
246243
4987
6904
388121
54480
10894
23107
6606
114884
137902
6836
2720
114880
57720
85360
100302401
100129792
29951
92659
55170
22887
6815
8565
653598
5714
1845
1717
91608
376497
4884
5110
266655
91977
5270
9570
54808
4774
154810
8975
55308
2593
113444
1353
10243
387066
4087
55847
219927
5917
10574
55157
642946
340533
51283
92369
136853
442213
10153
2975
10203
57575
56112
51018
56902
1515
3646
161394
662
4133
9900
10123
66036
83988
22856
9079
4697
317749
8905
55352
64746
5764
8662
79618
56132
5654
54984
2621
23017
116254
149461
2584
767
81533
860
57451
339366
253982
25929
845
53919
56999
170685
2121
79600
146433
29075
253559
7846
79091
51124
1160
200728
439
58494
441089
166614
8618
3838
83992
219541
122481
7010
112970
84837
57156
127703
145820
2047
4241
219348
4086
23101
221662
55781
10982
5136
79102
2218
85452
4311
9468
55699
25818
22794
64170
2107
1639
10623
100130776
10400
8732
8193
5289
58512
7345
25870
115827
1511
8634
29800
333
2342
149281
6301
64792
155
64343
284358
11147
3795
3992
10146
343035
9378
27241
4856
79707
64137
5034
51144
51092
7450
316
3131
5793
146
401491
80031
286499
2690
51594
11124
285834
90701
285195
1813
54828
9201
1956
10554
80816
55114
9875
23261
9706
165215
256472
728635
5352
135228
11253
56254
1676
387787
79611
261734
153527
5635
9524
23251
53826
80111
79172
161823
1808
7041
10867
23095
439921
1033
100192378
90557
2944
4916
3778
55190
2823
339977
9508
5156
5630
84313
56128
498
10536
55273
79750
6558
255252
387640
2012
83439
22926
6330
1373
51200
4331
2637
26574
6117
1965
3625
10130
50859
283416
8642
79875
6258
665
84058
126129
23677
10901
51130
9950
91409
401494
347273
4053
55800
7064
64123
2318
813
8460
23768
51555
22822
84498
728039
60681
4857
401431
80310
142891
6497
10541
8487
5347
9785
526
10061
5309
140710
10052
56103
55764
9057
1627
1642
79613
4982
56113
57020
3831
7060
100132948
24
2861
5213
83985
26018
1653
255167
5351
10768
402665
91750
4035
27339
5707
117245
340526
132671
9218
64393
10220
301
79157
9890
114791
55325
115106
55282
51102
5961
256435
1759
84439
4023
2135
7336
196872
5595
5425
2019
56953
26521
10175
29090
1267
58505
91851
170692
4137
11104
9577
7102
5080
6185
1787
285696
113189
64175
54475
65998
126393
57689
5073
8607
26508
158866
25778
23627
10518
29979
8087
8825
41
57188
8560
11247
1363
7168
79742
140689
5018
4223
10969
79698
79070
23649
5653
133308
340273
57198
4628
134121
441094
152573
51075
64838
2653
9128
7385
23
55829
647288
245812
5430
6729
10897
23302
55520
728689
2615
2531
10907
150
7044
2176
80329
5723
85352
10419
5354
91775
1215
140576
1071
23339
9352
79843
399947
109
100302640
10797
79583
2159
10933
10891
54329
5019
2697
399694
57501
6332
8639
4969
6252
23420
11328
28512
90865
7145
7993
283385
1545
51253
7203
79739
348110
5566
79073
23400
28965
134728
84417
64781
169714
2791
23165
7474
3703
49855
79709
5649
6663
10287
220164
80150
51655
10060
115557
23191
360132
26168
54972
54360
9715
6358
1400
57835
10351
84319
26227
2934
1910
10575
114815
126669
84516
130074
7490
94005
56776
1114
2701
64084
153478
85458
441027
60412
125228
8153
51148
387882
6730
10314
92579
23621
4131
80349
338328
