9534
79706
445
4357
4194
55824
8809
92421
3700
1018
1326
51586
7593
90338
51719
118932
4065
9536
125893
733
164668
22889
55905
213
23092
6427
151295
388561
152992
390927
5810
7103
284948
914
2051
638
51567
9576
55355
124221
11064
118813
165082
5277
6778
9605
55359
7562
5757
8784
27329
8748
64708
170082
642826
115201
283422
8542
1859
8897
29998
25897
340351
6286
54540
119016
57478
83637
10616
85414
11078
90806
2274
51734
23162
10737
79897
100129726
23598
9034
126259
26279
147807
93953
57700
253143
115294
7403
10520
65981
129450
154
201176
8517
641977
11184
147912
8911
10379
53916
126068
55552
653635
51202
3213
730668
23636
6340
55082
27332
5521
11033
55223
27106
419
79868
26762
55620
220729
9988
399664
843
57677
132320
9016
85363
66002
8566
6545
58526
56990
85236
151050
57380
57169
440515
57489
10780
115650
162966
11119
646300
285359
196441
8552
79958
55007
79666
134549
9894
59348
126147
84436
92667
80725
79786
200316
9681
9204
4624
441454
7869
29063
7376
2696
79180
26220
3581
55435
840
90834
132720
93624
57828
55968
9584
10120
5555
5828
27132
2979
23315
164656
81688
27430
1510
391322
10915
10943
4909
55251
654434
3026
3675
7919
283848
646471
246175
25953
59307
166793
3911
10725
8473
203100
400793
10188
256126
146434
10221
56955
55608
8970
57018
8351
51481
79441
130557
10312
29896
64577
124817
253725
149134
924
177
5467
10180
2624
149465
197342
5150
79780
200030
342615
11074
7766
10781
23231
80004
137735
55332
23304
2185
1612
150209
80324
22900
79961
151009
9617
8000
80345
162989
338440
5616
83642
4973
8529
9940
8495
79983
283987
54600
57577
143630
29945
728932
100130086
84433
63934
27350
645431
260294
284702
143
9985
7442
132321
54843
80746
55749
6674
6361
8549
389493
541473
57826
3772
100132929
7569
79037
55687
26034
55779
10336
8337
54795
100133331
27434
339210
7728
440957
1512
121006
729092
121504
79849
9463
1399
23046
92399
7690
9582
55139
58480
284371
240
285074
84879
59350
150159
8581
51710
23479
29760
140688
8241
51244
8227
63970
2729
3655
57191
7498
3293
54877
728989
6367
124961
3628
11035
84253
94101
3008
8343
266747
197258
3551
5387
56911
256957
390916
480
29057
653437
90007
23616
6892
8858
7855
119385
58486
140901
22838
8816
8645
150353
9367
1195
8874
257313
54918
63920
9909
79156
8349
386593
5287
5303
346653
7643
114659
9960
254427
84660
57657
172
7307
5625
283314
80307
256051
3133
284680
84922
100131434
5194
9849
51028
57497
90799
643253
2838
9409
79370
10906
147685
10691
51447
8398
9847
79680
3821
100270804
23473
283131
7021
8807
5020
10473
147686
3169
91574
5801
10159
9459
90353
780776
9027
221442
100288778
3993
169522
6539
64779
729238
83481
730051
85378
285343
91689
5349
7263
114823
152195
2036
6934
7273
2195
730112
9615
26140
171389
191585
10521
6037
8412
84807
9830
56980
57711
93349
11054
7673
3148
5256
285268
124783
401124
402483
9657
26249
349114
80709
284076
7188
389170
84343
415116
619190
634
388558
100132247
6928
55294
2122
2170
901
51274
83933
6926
29796
9852
9908
79957
23268
53832
9814
8537
7832
222161
10904
112479
57573
6653
64759
10144
116285
3856
343521
388969
57475
3814
386724
55763
55578
7422
440295
3189
285489
55063
64417
57798
9203
146439
9541
84188
50840
79836
9447
1287
23624
3904
221545
8558
357
388566
7508
9668
55289
27127
54800
414059
7480
1312
149041
10013
3013
3006
4698
8940
8242
84875
51380
8346
80830
259173
84163
57232
150223
50808
7011
923
257101
55236
5829
9662
54554
134359
57620
116369
6399
6452
114883
442590
7366
7181
6533
8573
79736
378805
5207
58527
56260
51306
4302
28997
285512
256380
113220
84958
54739
6574
117157
8711
100272228
8220
153090
400935
1262
284004
5468
647042
259294
4593
440107
51205
285527
26088
7428
51564
54659
55769
253039
9139
115110
7767
1469
23403
150776
7226
10848
280655
160364
360
55805
6650
115361
440944
79159
9047
2863
3459
6899
905
284233
23211
378938
256329
10256
84187
51384
100131998
55466
7016
7318
200810
729877
10941
54487
79949
157638
5453
5580
27037
4862
91355
641339
6195
493753
2073
284837
197135
6991
387328
79841
23181
130162
50624
100144604
731779
5260
6716
1364
203522
5457
2848
143162
25970
8675
3981
163227
79854
4582
100130331
22874
57799
286103
285464
1594
645811
51566
9406
29058
50619
441046
6714
92483
7748
79365
26270
140701
27352
51574
100131193
388692
5460
80216
9618
377047
125111
392465
9962
2000
221016
353324
10563
90161
90853
64332
23613
340547
54103
399815
3093
405753
100302692
389336
3574
152815
414
283970
841
143188
4007
8045
100132707
404550
94056
442578
80124
55634
162979
619189
5042
1633
29102
1417
7769
57127
25898
3017
55571
57393
23562
114932
340267
4091
345275
84765
155400
347454
7726
149840
54101
54212
157
645367
64421
284618
2147
80063
3661
4799
375790
51585
284114
9957
80867
139341
389898
388795
283464
51149
55683
79166
3640
25850
170960
400927
1375
29964
25975
9767
128414
23360
55268
197259
440456
55345
124491
64968
51455
7773
81704
10223
142827
837
8726
84941
5423
148156
26740
23015
314
5032
344
30009
10475
54854
127343
4800
159013
8347
51809
85459
7594
100132354
57801
1308
399761
6654
54677
80765
7072
53840
127841
114569
6569
6676
317
58487
285550
27148
60370
401387
8481
10927
2643
10254
92591
25957
10748
170961
28227
129531
388552
5378
5931
6102
285429
51131
114785
158234
1564
4820
2634
50853
7678
59277
7718
9704
11120
113763
65990
100128569
64599
1844
374443
4939
374666
57396
55856
7746
6247
23555
126133
767846
340252
3283
9881
80196
8764
54847
94103
7696
113878
10861
374650
79143
27040
148898
2859
7364
51248
81622
55279
90060
8334
7741
4938
26212
23759
222865
65056
90987
400798
399669
1677
79152
5790
53841
93082
8775
57104
85007
10551
4486
29990
5734
338321
202018
6672
728963
64108
9398
55876
54876
64376
6791
846
23408
7329
284443
151613
9993
5880
9755
100128842
5699
26609
6898
257144
100126793
22903
1647
4790
54657
53358
163087
253260
340390
644974
25865
339745
5920
58489
57704
26037
113263
220213
163255
147804
267002
285180
79667
91392
90592
23263
26013
3137
84808
643161
54813
4810
57654
5777
8353
55665
8899
170959
222659
7626
7352
135152
27291
100132832
163720
100125288
2529
10225
7644
60489
116379
3294
29121
150274
51601
256471
84674
643641
283596
84851
165631
2740
79656
113791
7355
23780
159090
51747
23761
84572
57057
4128
51513
1101
79905
3656
55500
7127
133686
63901
80832
55629
140612
10724
22914
1769
155060
4324
