5955
664
7586
26046
22950
1678
3658
128710
3920
2011
891
51719
29071
9329
10251
3482
8417
55142
546
29089
7514
4841
166968
389434
5810
29923
81569
8883
1452
23301
5081
257218
51567
146057
7417
29105
81856
9183
79725
4686
2926
23431
5716
80823
2175
56111
55759
1407
151525
3840
23392
84955
27161
115201
1859
90411
5862
10190
79017
5238
16
25938
79876
10576
84312
387646
92140
54629
64768
23366
23300
84542
11329
55832
129831
7546
79071
51534
9475
25926
57460
5929
10388
23074
81839
4004
160418
7532
22
55028
161829
196264
339175
10971
64866
7403
6546
254170
3799
23317
259230
11231
3052
54492
9868
29980
50804
2617
9774
51128
89970
9217
2177
27229
23530
23619
60561
22828
389677
220134
27332
79755
999
9897
10728
51714
8467
375748
27336
57082
1398
10531
4998
340419
23505
54165
220729
631
27130
22853
6950
54881
641455
23352
2180
84085
25831
55728
5962
2591
79084
137682
1121
84671
23198
54462
57380
79723
54505
51571
11260
10780
79815
1654
9448
10988
80328
10112
196441
3796
7398
56882
91151
9837
8027
7319
51322
51132
29915
4763
5887
523
90268
3376
6575
55388
9994
10237
9805
55209
84340
6884
157567
5565
90381
5747
79915
84947
7529
57508
11127
56922
26115
740
54906
348995
55526
51305
8505
8974
22930
283248
94081
84859
9991
83860
22858
80262
387521
10277
904
79094
55183
252983
8706
60558
6941
10959
9731
345778
64151
85403
9650
138199
201562
79576
4520
8690
375743
10735
55765
51194
4293
2967
93183
10905
6391
11073
3652
84342
246
80315
200424
10048
9790
7804
6921
8544
51560
7326
8891
54928
94104
3419
29899
30849
9712
27248
84916
1534
127428
5888
2305
54407
22848
7317
10767
3141
389332
54811
908
8518
25932
4683
343099
11261
10274
6536
23731
84197
55839
23379
10890
7534
8725
56114
57531
54885
162461
9575
441531
83956
9255
127933
324
619279
440590
84100
63932
63916
49854
23536
55729
84725
160851
5522
8000
286102
9831
734
9913
51105
165918
10311
7592
23426
6873
54934
6307
195828
28998
537
23592
729920
91147
54878
1371
253714
8411
4898
9792
25841
123606
643836
55432
5049
23322
8239
1058
81624
79072
388272
284451
8559
8140
85021
63929
2359
84272
4193
6457
51649
219333
3161
55206
2956
50484
55331
1737
83903
23042
51319
699
7884
57210
6059
23633
7690
10539
84733
23637
55176
375444
79139
5291
55153
51606
27253
5048
9914
283373
23581
55027
23291
388531
90624
5903
23023
27340
23071
23035
57492
286451
81285
4594
5281
8754
84918
7113
22916
4249
375035
54478
133619
5713
10955
64397
9197
84099
9690
23355
9675
56919
113251
8028
54148
65083
57609
65065
253943
9631
9175
25843
57511
1821
2058
2734
8833
25962
55088
27436
2799
10198
246243
401474
165324
5922
7803
10808
1184
10987
144501
27249
11016
137902
55858
6836
2720
57720
10059
64431
64693
6491
22982
25820
9829
27085
8930
137392
5286
659
221035
6549
57405
100302736
9879
283742
5110
545
54542
116068
4090
7379
3845
152518
10564
50617
55285
143503
1789
139231
10096
56122
10940
80018
57446
26019
64839
8602
55847
23002
87178
5917
79752
90649
5134
157378
54904
157922
153339
331
8507
55854
10153
56889
55149
5717
54845
56902
10058
284441
50848
91661
5290
23012
487
57462
506
286467
5978
342945
9134
55233
4719
51230
54205
23532
9025
55681
57695
55299
139322
10006
11056
84437
1386
55635
116150
64746
151742
983
8301
130340
84343
3149
27125
79023
91664
388558
84295
91408
1962
81533
5431
26057
170384
5440
80155
5781
8914
57522
200933
55379
253430
892
64793
51727
9908
9604
26985
7706
488
2803
5576
10773
7707
254528
26271
5017
150726
55771
441089
51645
8438
7296
6741
7504
332
55322
23118
1317
3838
23463
6248
4301
284098
7109
55763
23052
140809
122809
93517
55781
6897
23007
5727
29127
148268
55102
140461
10855
2107
2626
80045
23287
11014
25923
9113
2764
1374
4085
5980
27127
219899
80223
284716
818
8453
1739
83394
5255
9559
55907
26091
10397
10193
51808
333
138474
950
2730
79801
22948
1024
374899
55165
221710
26525
1525
84930
1054
389293
51633
55236
79646
203523
192683
7184
206426
55676
6500
10313
51
23299
8894
6788
2677
9133
286749
79979
80273
3713
643246
10615
51011
63979
56946
91646
7705
3091
55604
9101
3416
23174
3608
8323
646024
9375
79947
22944
54828
3998
26130
9440
54821
10554
54516
56649
84790
56104
84816
158427
3267
7576
23527
54443
728833
55773
7428
126017
57546
5130
5687
58500
27107
55252
5925
2491
84248
9728
7486
23251
1665
22917
10199
58478
79172
51115
152579
6382
27072
139596
10260
56945
23095
10617
133746
55341
8202
11013
10606
23534
120103
200810
1033
5230
157638
10111
2009
8139
6498
22883
10787
9764
4680
84929
8895
641339
8882
55284
80218
53918
92521
10592
387328
84301
54806
285172
25788
11065
8813
116987
65265
9289
56128
3775
7272
1741
805
10825
57107
6531
9736
255252
3981
1431
6596
23306
10973
9652
10694
80856
9848
80854
9748
55536
134266
27348
5889
51200
1434
2551
79605
5718
113419
4591
7416
705
9169
23457
134553
81037
25879
55605
56180
6651
821
23468
23233
23438
7518
79794
55016
1244
5593
528
898
51735
10055
4952
54552
347273
10213
22864
130507
55074
3422
51765
5433
84294
2044
813
29841
3320
81831
4651
65008
387778
285051
84498
387647
64324
9885
55291
84888
79977
286016
253635
5347
54439
84524
23657
57486
11171
55320
60592
54545
4967
56103
23199
51520
29102
23185
55238
340562
116064
55239
54704
51449
51110
10802
55669
55300
134957
5557
10269
5709
24145
5707
5052
64393
2187
9711
148789
11235
23196
6908
389898
79157
114791
7516
64396
283464
199704
51167
55003
55814
10463
57713
54801
23515
220107
3308
10175
23475
64145
100133941
55353
79692
51388
23450
57448
3313
51263
54888
51095
51001
6185
5868
100132911
7922
10085
55041
51479
57551
4175
401884
80255
196527
10286
159013
4199
201595
64854
262
196335
5509
10165
23394
7386
91452
11321
26973
8087
222663
22929
55039
29979
23036
26043
6654
55667
23244
8871
55916
9833
55247
90843
774
92255
9451
55787
114569
51184
197131
81031
57026
7756
1660
642843
11335
5817
1738
6096
55181
8867
10558
4843
121512
5378
152519
4141
55892
55922
23076
3274
23367
83879
146223
51075
6732
7037
8667
9391
8872
10934
51227
5753
7267
2673
205564
129607
79077
4190
401466
11222
9685
55156
672
151507
56147
140831
286053
157769
2176
80329
64282
51026
55010
54921
253558
1503
6272
55287
5723
170958
56169
57152
283820
64778
57211
529
283600
6713
55129
57019
84923
7994
2519
285521
84057
56896
11345
126868
51209
55737
9670
2932
6502
4124
80829
283316
5019
162514
84181
84079
5217
3417
7913
51182
84061
84240
388962
80351
54908
23420
192111
7411
28512
3156
81610
65986
2992
51652
6747
9928
51068
400710
5708
463
10963
197320
90333
22820
79710
137886
64395
8697
509
10128
83940
85319
10247
11004
23041
55254
58490
56893
93380
23408
7360
9857
11244
55143
10495
23165
2782
10746
25852
23019
8562
160897
84933
9341
64225
57187
7415
10499
8732
22903
89766
54566
203259
8850
5126
254065
339287
84102
5365
54014
6529
51114
56888
51029
11237
79954
339745
51542
6510
10238
64682
64764
158405
63939
2140
1161
51053
23560
9821
51663
8243
162239
24137
84864
79691
84376
221079
9156
79572
9100
23310
651250
55159
9694
286101
55508
7626
3157
83448
10989
9880
283431
57532
8702
29070
26275
81555
84458
285643
56913
5257
5571
157680
54853
56624
27112
23011
79134
7355
221656
2108
6872
2475
79905
5610
79184
675
23621
81034
375607
8546
51430
1977
