8677
3816
4145
5064
51313
25983
23098
23092
51013
80975
338872
80022
158376
338773
5158
79940
91012
3249
50852
9840
4815
915
5345
7278
80313
54540
66005
84337
10616
6881
26228
165186
126259
91703
51082
84700
90378
51070
10410
284040
90187
94234
27343
4034
94274
397
84332
84954
84148
9737
135
389084
388722
9961
2323
26175
80199
57661
6545
6372
4915
651302
146562
23640
158326
8814
23221
8552
280
140467
253018
158248
10522
1811
9681
140606
100128675
112812
90231
10603
23187
27254
1294
57805
5623
26093
1690
51195
8907
388135
65988
79616
4626
220115
4636
10949
4741
114904
23016
23313
25953
59307
3852
566
2021
933
57580
2289
55701
23152
6201
79641
56160
85409
5321
6164
342667
322
10180
197342
167838
79846
8001
720
339983
123016
2197
24141
90480
64949
25930
541468
643719
348094
11209
6175
440823
79058
1889
92565
9497
283212
79447
5891
27350
5691
9985
442421
51315
96626
6361
3872
51385
79037
6013
6209
54795
440957
58485
285193
57701
7106
8521
283948
79228
4123
122525
2205
9260
90313
122945
10472
389541
6892
8233
57571
27077
10002
3861
170463
152110
9464
317662
51593
8447
10763
79142
127700
100129583
26112
94121
652968
3914
728264
4638
730971
118924
1735
4774
219623
8614
54413
643382
112714
222643
57140
256394
196743
146059
93589
728606
29903
8459
91689
57447
219621
2850
9467
79873
6037
9900
389033
1124
54753
83547
79751
9242
653784
11142
55117
2826
79903
348378
10654
402483
1768
415116
55893
53822
279
117144
116842
56948
84265
3487
9679
5204
146433
5364
1160
50861
100134938
6288
2847
3776
79735
11202
6124
25822
147381
440193
5720
221662
53917
972
30061
118663
6143
100130776
285962
29890
286319
414059
283152
54587
154822
80833
79169
100130148
51380
56100
54858
6947
5863
25925
80127
7923
157285
29113
5333
138065
10309
57593
84958
343171
90668
57664
55957
3767
54948
114900
5468
54886
80332
9806
29801
161145
161253
54472
3430
677775
55244
25802
9542
9144
84445
6448
50604
6205
126374
5376
1632
85450
23148
23143
8681
51241
84187
7318
64220
90557
6050
4916
64098
5479
347733
814
4696
8913
2823
83660
9077
146556
9091
984
25830
1616
388389
100188949
55112
1198
388939
4604
161835
401498
57827
26277
55036
116349
388692
83417
54861
6764
29098
706
51545
4744
2954
79925
57758
7535
116966
442523
716
284459
51286
162979
51635
125965
7018
91522
55812
2687
6203
171425
10077
269
3661
388591
80162
65989
6130
10580
115106
284312
400657
11001
29964
3887
2817
4057
84309
388611
650655
919
5697
10715
5032
5319
388759
951
1135
81857
84838
64776
64921
57801
11009
112609
10125
23309
1036
8481
113451
9696
9627
8834
1471
5791
158234
10171
5803
349565
3593
79585
5371
91782
223075
79734
3756
162417
2
8764
5858
541565
388789
8312
284756
100130311
9092
133418
1120
23217
29924
317781
6252
222865
23541
575
285533
8846
60686
2620
23553
57104
84968
9349
54958
10899
28965
3257
404220
2872
3122
54760
345630
7541
163033
100128842
51533
64072
9149
5342
340390
83987
5920
55556
3547
64321
729085
91057
147429
22802
114815
55504
23361
653583
390598
6919
126006
11180
55664
396
80270
51281
100128640
125988
3425
135458
9214
157310
84281
150274
284422
4855
221785
10488
10898
23761
58503
64405
1101
2925
337867
7545
3611
388
342977
4357
283229
338799
90324
26659
7593
379
54344
8632
58190
93129
78986
644
6157
79998
6146
914
84084
2246
9807
1825
84689
60674
50855
8784
5327
79140
60626
3248
2016
1153
11086
25812
644844
7031
196403
349136
79970
147807
4747
11140
84269
168002
164684
155185
8692
25800
11184
10266
84680
776
53916
84270
90135
196500
79155
8200
84179
6173
55082
79192
5300
10581
129080
100128292
284207
5873
54507
51364
80139
4248
10157
66002
4296
3698
374969
1592
962
100128164
11145
126526
390637
282997
150771
126410
3483
2356
6237
11095
5644
200010
79180
840
29062
57418
231
284276
10398
28316
4889
7755
100190938
2272
162515
114800
151903
7757
10614
400793
145264
78997
3727
649446
79906
89874
91647
80019
152206
10417
84852
57699
10039
5989
5935
118491
399512
23089
11251
26664
10560
200845
338440
132203
642987
22994
100141515
11081
56964
284001
6191
57562
5268
83450
751071
9984
689
100287227
138428
59352
389493
3263
8530
79891
115817
4792
339145
136306
132160
6878
23479
8227
5860
285313
57834
6368
199920
92196
29950
162968
26033
29933
7791
55621
5546
145624
84310
1188
65975
85360
219527
3338
254359
286002
9973
29082
91300
91977
29941
9625
25915
161247
114770
8398
959
1757
6261
375248
64852
8665
730051
90226
84069
6208
4714
125950
8510
11054
477
3699
84316
55647
2014
25849
6579
10391
80024
51025
9540
7188
23087
80221
1265
58495
60485
7515
1535
27239
2199
22977
1465
374860
51332
162998
80301
1080
27165
6137
1593
154791
6160
55063
353116
388524
4886
113177
9744
80757
100129534
6167
149499
6000
10412
7431
8515
10538
54551
84940
57048
93426
79778
5819
27065
254295
112752
60481
3622
150244
84626
54859
8382
284266
55850
25770
122416
25837
374977
5265
117852
260434
8190
57591
131616
576
1470
11201
79818
327657
7454
5733
1155
84074
7016
25876
6737
5580
6181
100190939
64425
8464
392255
152641
24147
55201
7392
7447
79841
51738
84219
23026
10004
1506
26206
79750
3621
79132
9284
11122
54785
26119
23550
342538
653162
57144
85457
8082
50619
283416
407977
55702
89848
58506
29079
1565
126308
118490
54103
405753
3779
143188
100128977
401431
284131
349667
6015
145200
2327
4826
7025
283673
79713
404037
1519
3705
80135
3831
55152
84688
55064
1408
373156
205251
23769
2322
29798
6869
4117
27190
7050
155368
84889
29775
2077
92747
199699
3679
1113
117581
28984
92340
57689
161497
5624
5569
1308
2100
54677
4794
8625
51341
55208
540
100216545
5018
51299
84292
79990
144983
1742
894
1145
170961
84126
4327
348645
441108
6748
644019
3265
9022
5195
9045
6229
150
333926
8631
84124
767846
57143
653404
347736
5914
1755
94030
200634
399694
157869
6405
51187
3963
438
29990
149628
23564
7178
22933
23416
89849
2303
55194
1937
5411
65982
80161
6189
23399
6898
253012
51246
55559
93145
25865
648740
116828
51222
221443
6218
10916
79845
80198
27285
3306
79729
3823
116540
116969
7090
5816
84993
6625
100125288
60489
643641
113791
57558
284023
196883
2091
192286
122618
1413
257144
53840
440087
200312
2900
78992
1298
861
4849
733
773
51368
284325
89846
338645
6294
25776
118472
4861
7566
9610
8651
3660
23484
83538
2771
78994
79798
221908
114818
2648
4926
11248
84632
9635
5608
148022
5655
64927
6139
123096
2999
6867
4435
55367
64925
29937
55065
10811
83871
694
55101
84795
9863
79856
136051
4099
401375
25759
26993
1441
8755
10174
5721
5521
81926
55072
5241
59271
81576
11151
7089
55909
50506
2642
11284
12
57863
54974
2922
196383
8175
6430
629
79971
128853
155382
8519
79863
10913
84315
340706
29909
25794
8128
144809
51150
81606
6176
11344
29125
1002
57010
3581
6235
25911
57555
116362
283234
51282
89887
122060
54094
55593
1558
399959
90288
116412
6161
7380
54956
85439
65987
199223
8870
6618
51233
10188
3665
387856
79191
83862
23247
6194
130497
130557
100129716
149134
9796
10610
100271722
122970
283726
93643
25864
23495
56339
22873
9138
388182
113246
389362
10318
90990
9476
1397
8529
9940
722
57577
29785
57633
51409
6468
54762
10911
7620
7442
80864
219743
56981
158046
541473
54102
270
23113
89927
140870
150368
121642
91133
115286
79777
642846
6134
401250
6019
317649
257364
389524
596
441869
59353
163782
642976
9112
122773
219736
8623
60672
10523
100130872
11035
83661
7866
10454
414152
29108
140680
10178
83853
23616
10589
57085
5859
28
842
79759
6324
4832
1186
3590
84221
146279
126003
376497
8092
114915
4326
23410
55164
284273
51690
80217
51447
221481
80206
222256
414328
23476
2894
8971
51257
7988
343990
10101
64147
151126
84225
63923
57565
9189
161394
525
9127
55080
92922
7297
124935
126208
51177
2735
53
5764
7033
6150
389058
8522
7069
1822
361
3383
728392
100188953
64499
7481
60677
100126791
2206
7832
11070
6159
79091
10815
23539
9274
55692
4675
116285
246181
4795
4213
4316
26048
2308
2286
2788
8313
317719
81890
57794
83590
51657
8409
51278
8910
150678
7692
2254
3000
79178
84875
9965
921
7980
80212
6876
7343
79740
602
923
1952
60529
387841
10608
2921
79973
4542
6171
90835
158787
129787
440712
29952
9150
373861
3128
10903
5284
115110
1469
23403
150776
8771
6650
53826
54850
81563
5133
284233
1808
7041
11018
8444
23295
158763
391356
11129
84552
27037
23030
83444
80086
256076
1427
3120
375189
79854
239
10516
645683
217
4239
91544
50944
79365
338376
81616
2203
2674
391
1606
10901
56655
4053
10181
255738
64847
29984
286204
8742
153643
643866
8045
92960
133121
6776
6363
1264
4982
247
79148
3603
6158
123872
375790
388125
57596
11186
55119
283981
55657
8821
594842
11007
246330
8660
9001
7867
4137
728118
27202
5441
503538
390595
1826
8404
440465
79171
286223
1830
1856
59
55655
51035
56265
51548
542767
4016
407975
9380
91316
54780
9592
23555
51176
4824
53904
10861
5118
127003
147837
26045
10148
55644
10980
1591
143458
91319
56253
123775
441151
6331
677769
10551
80230
3750
54876
266743
85364
218
441032
7474
136332
741
113691
6663
5932
768206
6478
124944
54987
115557
3512
79446
9381
374
85025
80323
55140
143941
26037
3112
342125
132851
6649
57326
80731
8635
3137
51703
6166
11257
53340
26251
256815
55698
55004
414918
50651
387
54623
79656
1731
11152
91978
374907
3568
64780
338596
51614
7568
285596
4194
6168
6223
220382
6376
6138
8626
646450
2006
4648
51024
6425
51208
167127
3913
55937
23764
50489
51287
283663
5757
113457
144699
29998
84317
119016
381
1770
8328
65258
100130958
286042
79083
3866
30833
128822
170690
647121
115677
4499
79722
606724
91748
124402
89941
90871
80263
399823
1960
79027
3134
9811
91039
2953
285989
873
1621
348938
5442
4149
221786
26030
63877
4634
400830
64745
6141
154790
340578
728855
148113
79096
149473
5971
51333
653145
129852
200316
6206
6570
9486
79819
7869
4778
4924
286256
79645
255783
3136
339123
3214
3642
79161
2852
55337
26145
51733
57088
199745
57828
1756
810
257236
650368
81888
92304
10865
27430
1510
43849
671
6136
362
60598
3090
6187
252839
112755
1154
9229
65266
197335
375341
9622
160857
158830
65095
153
401541
9441
654346
51466
3716
3659
6165
7369
24142
85012
25796
10781
2623
100130581
6328
710
400027
973
55959
23237
311
53827
5366
11331
4306
84433
51317
9739
388743
80097
10873
5261
26297
4218
6854
126567
282969
56917
25855
84336
4899
55867
143425
83539
5172
1908
8915
55501
440503
55627
6217
338699
3087
63970
168544
90362
8972
1052
8664
124602
79442
4987
64601
221421
79147
161582
83894
64976
83882
29991
246176
8425
4485
199713
9563
80726
11223
126792
203260
6461
158160
26519
339541
285386
112398
84657
2639
79370
9409
90019
23245
5104
692158
26085
283971
4129
116541
28955
10399
780776
8106
9951
283078
114823
6934
129881
730112
8424
26140
171389
376940
9246
118856
91653
137872
117195
54898
55259
92749
145376
149461
4070
170685
6863
340204
9814
145748
8572
3481
375307
8676
678
284297
10534
10591
10519
80008
3489
54763
386724
6422
143666
285489
206412
9541
3484
10577
284367
84109
10400
728489
3118
83982
389792
55049
203328
199221
84163
79758
10490
114819
119369
64651
51372
2717
163933
1043
10226
84629
199786
284390
23521
378805
123099
113220
116535
1028
10633
5010
116840
581
3135
349196
4682
285971
51205
51279
5225
79899
573
677766
221188
51112
4665
6135
11346
440836
256329
9446
283521
9547
91355
5025
140564
112464
440270
9219
5745
9
79747
645369
9687
2948
124404
341032
2848
10536
57716
5314
7942
112616
4588
5696
149076
2837
90864
7177
81854
10777
115399
6228
284029
29907
643837
9667
1005
91409
975
1307
84330
29997
6843
54961
127254
147746
9312
25981
196993
148170
3817
163732
4685
22938
3854
4739
51042
3753
57020
5872
94059
2295
400696
81603
84520
284346
5380
389384
1487
219995
7703
2919
6122
23373
641371
64981
10267
63935
8666
25873
1488
10223
342979
8600
6666
113189
64784
219681
51168
7727
147808
53353
154215
550631
81558
84866
57567
10957
80765
2962
202051
684
339201
9742
27148
728656
50650
79095
9402
129531
57644
284578
1589
8292
55520
84690
113763
64599
124641
25999
3921
80148
9651
4056
11224
216
100271849
3005
347475
27040
27113
128439
79587
94023
283102
89953
55679
2697
122616
8900
653113
107
151534
9028
6470
57604
3671
387590
94031
400798
554202
116844
4791
219539
114926
6222
4046
23117
84892
85007
4914
83998
54862
126119
84696
64753
63910
84709
57128
3115
56920
572558
5880
9755
85449
5650
2785
22985
148741
1620
55672
79652
140597
5243
89781
128240
2946
51157
916
1116
326624
9294
81628
642587
51188
79002
29121
389118
4350
726
10467
85480
9466
57537
7127
7574
2796
54546
374868
4707
64064
10636
54429
