51614
79937
54732
56975
56124
79953
81545
8417
3482
56120
9306
10597
26974
51236
283106
5965
3205
5806
149775
23213
56134
6522
23528
11215
57687
3198
4017
388662
23193
5445
25825
79018
8985
221092
26524
5862
9330
3099
7306
80117
2069
26747
1829
646243
89
3203
55630
85414
6696
10609
871
2274
51665
26472
7031
199675
2969
4054
2023
7071
29780
199720
6609
5315
2050
64866
375449
3754
54437
342510
4499
6326
10371
25800
6622
5798
4047
25998
25782
31
51309
22879
94274
150737
84627
168507
374655
4259
9633
121260
79827
25945
445815
10801
54583
6868
2878
57647
9689
10531
199964
54938
6231
2887
253827
123920
221786
57165
57661
9180
12
6508
2591
114821
2843
25963
1291
7189
200407
11010
152485
80328
55607
3589
3751
51054
64834
10758
51150
989
10761
1381
5747
29766
1296
1437
132720
55002
2768
8974
87
10381
79616
50839
7458
10959
54910
23543
80704
148753
2054
114044
81792
114904
3939
252839
51339
11167
284996
8497
81543
113655
151011
57343
8870
3678
6129
79074
222068
10330
754
54602
7857
27248
83862
7317
3227
11187
285761
25932
63035
5782
3929
1803
5139
54332
571
399473
10272
100131827
9575
57586
7092
2590
134429
8794
100271836
1301
56097
1997
118433
80014
286102
3915
154807
5865
344148
53827
2028
221711
84466
444
10455
978
25766
56107
81848
171423
143
25841
125058
5797
5049
23683
1284
81624
56950
4257
25977
392617
79581
84272
4238
1820
7424
30001
401190
6047
10097
9820
8880
2081
10484
442308
57701
55137
1595
389257
1000
55568
163782
3312
9793
8754
5281
6711
586
10955
3624
5137
9784
11108
2194
2632
23028
2597
11096
57511
2300
3725
285855
8577
2098
11193
9612
654463
80114
55858
374986
10527
7077
3202
23065
147407
347735
59274
1717
100302736
283742
3949
2987
5110
5194
57190
51151
91977
6594
79711
10179
100128731
10096
84465
401397
4860
6573
5104
5325
11123
80206
7024
27345
90353
5163
51283
163590
6490
27175
84878
192669
442213
55854
151126
10203
3552
1289
136895
284441
10631
84985
26470
57515
9320
9900
4092
92345
23332
1290
11056
7798
116150
83861
57574
29880
10370
5654
56132
9540
10391
343450
29940
23385
81533
170384
50964
347902
1615
2121
22862
51374
387804
8767
7407
760
64224
25803
10630
7167
26060
10493
7846
55771
5787
6746
6319
10144
85443
815
79586
7579
83548
2847
57655
4301
3614
170689
22954
7422
6160
389136
113402
1303
5638
10650
4311
9818
6374
302
9113
56106
8772
340075
26032
25870
56894
3953
3206
91156
8634
9638
284309
950
23509
1975
57600
84176
1024
51062
56895
79660
8884
79758
5311
10687
53345
10146
64137
79822
6664
100101490
6781
23376
84629
79001
285
7837
5966
3199
9859
9907
122416
2921
284185
9181
92806
3623
10184
51594
116154
22955
7094
391634
168455
26025
23333
6499
54210
11199
3976
80035
259294
10554
5054
54512
165215
10903
56104
10487
23348
285971
7045
5352
126017
51377
51582
11201
6588
4317
11346
1665
3364
3694
196410
23143
55270
9140
26015
83607
4282
10606
3685
4148
7124
881
5230
51429
23433
9823
6498
54499
100190939
6354
2048
441294
4430
112464
9827
152641
92104
9508
205
11282
6905
65265
2131
56128
80728
149478
2004
1277
146227
7693
636
3839
3553
839
10512
90525
2060
4232
1198
54567
140766
10130
54733
23164
8829
54468
147040
117854
10640
286148
5210
29957
10040
2191
6764
9509
3912
23085
79703
81893
401494
55970
89890
23418
285148
8434
1278
54741
90853
643854
7753
54971
29984
5544
389336
4651
8793
9746
60681
401237
6497
1650
55726
253832
9053
22844
27247
1627
1213
55238
26235
135114
4314
56113
5738
4982
3831
51449
55450
10489
5213
285954
134957
1653
9858
5351
55532
1781
3690
375790
8898
5444
8396
8615
55529
83955
84439
3688
29887
54477
11007
26127
51141
501
2778
79888
10175
83930
6717
23386
5033
2188
23072
26133
10085
1787
113189
5098
80255
8803
5339
196527
54541
81844
64854
5954
341208
78990
10165
169792
55356
440465
56138
2631
148137
100128553
1363
149345
6676
4312
23351
440278
80727
4882
144983
9015
9388
8125
51619
117248
4923
30837
64838
3576
375033
79624
8667
83941
23246
5861
344558
7128
64411
149111
388165
1174
6709
153733
646982
4297
2078
2335
56729
1021
2978
6804
85352
64778
10196
7473
85440
375
7130
9724
57120
79290
91252
23091
79943
164312
6502
3987
47
4124
128653
2697
221718
5598
10501
387890
6049
653489
100132406
143458
9945
11328
94031
10509
133
83468
1295
64210
1677
57539
112399
30844
1282
463
400581
9069
11133
23400
440224
145781
10896
5236
25885
84696
80381
79992
404220
339451
54206
2303
10290
55194
441032
22803
283208
2782
2267
27295
284418
5664
115557
56098
79883
1620
55243
4833
6529
360132
56937
51114
84650
5045
5896
644538
55857
143941
80723
84766
23266
1788
304
351
2702
80034
9123
3797
9655
55665
10972
3297
25902
57665
3964
81555
56005
503640
2923
5069
26020
55741
253769
5571
11082
6233
51148
201175
57558
50999
8609
7132
9315
81832
91978
57103
5950
55628
56105
388
