445
11144
23547
1463
5579
8809
10572
8419
6376
10046
2733
126295
29781
6232
93323
201633
118932
2532
6446
400673
733
164668
56949
773
51076
9020
283897
4700
84809
4695
254552
164118
26260
28232
914
2051
8468
51298
84084
151174
54534
7566
203
51660
3660
11064
3516
56890
114984
64901
80823
347744
55234
50852
27235
10663
126382
2294
669
915
27099
84062
11165
64115
3059
150135
80313
84337
58509
6449
1153
7465
7546
9975
376412
100133234
123096
10388
100272147
27109
26279
993
60385
161829
79908
5451
284348
55065
158381
9556
219970
164684
1840
56158
154
9738
286262
53829
3052
158801
11184
4713
776
79722
645784
152789
11025
100287569
6424
606724
3682
283130
8270
118672
4283
113000
91966
84954
2053
387357
80896
445347
131450
4640
4710
10859
146862
84787
1445
27106
27336
10535
677797
2936
4998
727
54842
84675
10607
60490
7517
51364
116138
85379
286367
84636
9016
2642
100129424
2139
140947
66002
9120
400752
51295
58513
4607
6504
8021
56984
284805
149699
3208
196383
9355
2746
4174
374291
158326
9143
115650
962
64231
56605
4585
79958
7270
280
3683
142679
51090
10507
8318
9934
1390
440896
283951
282997
84275
158248
9595
728882
129852
200316
645528
9901
6783
79917
158401
97
131118
29909
441454
11166
2277
6865
10422
3594
53344
57455
64174
84223
55295
51398
56922
51733
80321
90527
51195
2263
57536
6818
84971
810
8738
27132
57690
80262
79230
54094
83854
7100
284654
5900
23048
440044
79930
11243
1112
55020
169355
378708
54555
162515
124535
55014
84793
92558
115653
199223
79804
246
242
197335
51233
8544
6285
566
55342
256126
3419
378108
79844
158830
3613
148808
55148
65095
9441
353174
2304
84932
10327
654346
100130932
8492
58515
4172
89778
124817
910
729230
251
645432
1719
29988
130951
6877
200030
83723
11074
23495
10781
150763
340348
3007
80325
57291
28990
9429
83549
399512
4298
125476
11316
51117
146330
8000
374569
973
116986
6585
284403
400916
55061
338440
311
2781
1869
9476
51122
27033
6901
3717
55167
645121
60437
150384
1384
10023
695
118442
5959
195828
22866
23648
10268
283212
8819
347240
10458
728554
83593
9985
3004
51296
80864
84260
132321
1877
65268
441425
219743
113802
6361
8559
5949
4218
5990
6352
51385
79852
81932
541473
80352
55527
401565
270
3681
57407
84293
8479
8530
83903
7884
347741
54209
79891
84215
100131454
389741
116449
9452
79877
192666
9582
596
147138
79637
25790
4694
163154
2297
164395
51710
3359
23479
3087
94032
3820
7123
122773
26051
100128782
93653
6367
5199
348235
124961
440461
399
122525
2157
256957
23355
643008
51268
414152
1339
6338
54969
10800
26578
2891
23158
284900
3029
223
292
100129128
91746
58492
930
64320
8645
113230
28
51451
382
51490
3338
80726
1186
409
8654
203547
51411
55544
51365
64428
148811
84895
116729
7643
286002
123207
203238
10437
1118
6404
7253
7161
545
118788
23205
266655
339541
79774
2298
84657
2639
161247
147685
4154
146547
959
3015
23209
10243
55847
405754
23580
6370
730101
3055
432369
3766
340533
157922
51257
393
10270
8971
143471
283578
926
4835
201283
79870
2975
3662
79603
8776
400242
4171
644165
220359
54107
51087
6920
4063
340596
23396
57129
9246
10521
317761
79825
3965
200539
389799
27087
8115
10087
909
10362
3669
79903
55259
5427
1666
347688
135886
131
80709
64422
2332
415116
23017
279
55090
84836
22809
3818
114789
1580
8914
23234
26150
283232
9852
11277
133522
641
54901
9679
145748
55545
2917
5883
9814
50
7093
7482
11040
10273
399888
23240
100134938
8438
6415
23539
414332
3104
692148
735301
147948
27165
374403
440193
51616
154791
1236
55063
55840
5634
57794
146857
1069
196996
84166
9744
6402
84518
4033
221545
154141
284367
79847
2261
3676
79974
54800
55831
221472
7480
3006
1152
94120
7374
10538
23316
921
339674
57864
51471
10655
51741
3184
79085
58476
127579
255758
164592
55165
6948
10444
147965
27334
4775
923
257101
3622
55040
158584
199786
7471
3131
2052
25770
131870
10367
352954
54187
65264
55723
114827
401052
554
5348
25837
20
55806
256380
9220
4068
55073
744
1763
4881
3767
90835
400935
3084
10740
158787
284004
116028
54828
10383
57461
2178
653188
125875
4682
11262
79622
3738
89780
201229
728635
913
343413
22932
219972
123688
51228
80178
9938
9144
154865
280655
339229
56904
7381
84681
1632
79159
8208
1808
5985
56997
128611
3835
54965
55341
152100
25845
673
729171
93058
200810
284677
5450
939
7083
6954
140564
55215
197358
80235
5301
55171
2823
10592
197135
728
820
1556
257203
3033
220988
56941
79763
90736
342618
203522
1741
83746
3948
9145
4888
5514
151888
9091
100169750
144715
6596
5984
10289
8214
201625
100188949
51806
89857
645683
90864
51434
8344
3748
283870
91544
147727
344905
115399
7507
23457
27352
116349
55747
284800
11092
158067
10151
112939
7941
9941
286207
5886
1565
149428
3792
9209
80714
1831
257000
345462
79679
401551
593
2628
266727
4744
132660
126075
399815
2672
10693
93343
79368
7064
55837
7535
84915
29841
4606
835
401127
29116
56548
9885
4857
10439
60386
4222
283129
84769
64091
400954
170591
51286
91181
2752
79609
6363
2109
100133036
53905
29916
8569
2568
114932
10077
80274
84688
115209
94039
84520
83959
11158
64421
2187
9711
388125
57639
389898
389384
90634
622
3640
4117
79019
387694
352961
1607
2020
1728
4917
51367
84889
10297
85026
9001
10235
80020
3834
650655
145773
253959
10223
9987
81894
152302
3822
89891
166348
149095
100128239
399949
26266
30009
283991
64760
23435
79000
951
126393
79568
5509
10084
348793
9033
266812
29965
550631
122618
55486
6657
130502
291
159091
387885
6642
51316
27433
116443
339201
489
57026
246329
3592
6817
2643
10036
79858
130026
386617
5023
84106
170961
80017
79095
9402
5378
23649
134145
3070
58
29087
140893
8698
1776
64946
5803
388011
349565
205564
284578
202020
911
94239
150
51343
2176
64919
54979
3787
150365
100132831
7356
10868
5746
940
115196
974
1998
57697
3028
6688
286827
1071
646074
6434
25833
5305
23492
394263
84057
127003
100129354
971
80279
10242
114836
284756
84174
130617
166
6322
10170
57501
51182
79400
917
23217
81691
51091
604
91319
6252
84303
6559
28512
4901
389643
283385
23062
93081
114926
255809
6403
4046
10734
113829
5164
152
151835
50614
3938
79682
54830
375775
5734
2302
149628
6199
55315
3257
285093
9023
64753
64926
23408
218
430
83719
113691
129807
5504
53347
10661
64744
2785
6478
89766
54566
3512
7148
285025
8355
55652
10308
163255
57835
160777
132724
285180
148014
170850
55540
90592
10051
2833
9156
653583
9051
916
7626
4942
9363
51705
401303
10462
4255
4711
100133205
163720
146771
2529
2906
387990
100125288
125988
11342
11238
51188
60489
9214
401399
6689
53947
123720
4902
286257
286530
165631
26996
53630
79173
284023
139716
23761
23211
51747
150248
51513
4069
4707
8820
3268
151790
55347
6932
100128788
729355
25901
8490
