378925
54467
5218
93517
26137
257397
4145
202243
92235
55924
987
55144
1645
4973
317648
23386
56478
919
338645
55289
25870
22901
55690
670
81693
1656
8330
55188
200008
85459
91452
93426
54858
51320
56899
2907
91056
51341
7011
57476
4856
3560
150244
728233
283070
554251
57787
9354
80054
246721
222194
8573
340273
79792
2297
56947
9555
55367
126259
6846
441194
23129
5451
170261
57680
6711
8904
375035
10278
57412
78996
55520
8341
1833
8357
115701
4300
23155
4297
143689
10929
84886
1286
5814
8131
3725
117246
3815
6879
728661
168433
729540
51301
6448
284129
307
440072
2526
70
57534
9400
54963
148811
146310
23097
153562
1050
4634
51091
6545
3549
100289341
65056
51251
79796
222584
136259
64098
56242
54621
55284
54808
79050
84968
400710
151835
3174
253018
10522
8237
285672
342371
146722
151056
25794
221895
9805
5728
9993
60313
200010
3170
217
1850
2970
4294
7691
8502
57553
26507
93624
140701
29068
5978
54586
27132
80006
745
27439
7351
51542
10479
64787
338069
7776
54991
11093
286122
8662
57172
84376
3752
25816
55785
57763
51602
349667
23152
9397
271
10785
60489
2595
9734
3017
321
221785
253738
167681
9026
49
140828
5610
84457
1781
128312
93643
338094
222642
5116
7695
4155
55823
55729
147381
200576
