664
283489
171169
23483
8821
51382
594842
8604
27301
7164
339665
3851
3887
10100
3371
135250
6446
118611
708
6717
140690
10721
8732
146712
122011
84109
6167
65993
261729
57379
79628
166348
196483
5167
283991
54854
83742
54541
1825
124221
55717
3337
4726
466
514
56892
2498
10490
100272146
55916
375611
1856
10301
5162
6094
2069
6209
128153
84141
8741
10477
6343
23585
56647
80256
57449
253190
5308
29103
11230
51734
387841
2662
81602
131870
146
284340
91368
200894
100272147
7464
285966
6853
10615
8623
729375
64207
9513
9556
168455
55
4192
140902
390
1984
9543
9045
90313
55515
2178
5306
139221
1460
90507
1062
389541
6892
1051
56649
23462
57511
3351
23587
55471
2098
11193
7696
654463
9689
79621
81563
2134
56181
23184
4149
6950
51241
26175
6152
10157
12
10573
54538
5915
3914
10509
5663
256051
2009
55784
83592
440905
83942
6812
23553
284106
55671
9077
374491
1390
7786
1082
145389
6787
204010
7763
27123
6206
54206
3812
5801
97
239
90353
55055
23236
254863
57795
390205
9049
143244
136853
220965
4331
442213
6631
64147
5443
728358
100270710
122509
6992
6827
440603
665
129881
54951
65003
9493
161394
6341
57491
4201
896
10357
83699
118856
230
10141
27068
4709
2182
3889
116151
5593
5530
22856
79038
56655
55970
64979
51667
342125
79576
90141
8945
55352
85411
53349
84314
54982
54956
3780
147947
9229
646962
51025
65266
284184
117531
7326
162517
148170
3995
64582
203245
54890
4708
3419
30849
22938
4706
83852
54926
51198
641
80781
284194
65109
645687
488
387
26146
64788
80007
154664
200728
100130418
162461
84520
10024
83956
1907
9244
146909
11074
84631
4707
9271
134265
5983
133923
54544
