9678
56124
283652
440087
92421
134637
2103
90338
9536
577
22889
10169
143884
84153
2563
7062
162963
8266
283663
10045
84073
642826
646405
54469
10301
4815
90637
285419
55596
119016
55319
100129726
7559
5451
93953
57700
65981
57412
129450
641977
158801
100128285
90693
245711
91966
6009
441191
7324
254428
79868
130872
645166
65117
81576
6527
4284
83983
60680
151050
284805
23658
644873
9227
80328
91754
285955
7270
10049
158248
51700
64770
100286844
168374
11041
79816
257415
90527
83552
2790
29068
100133669
10735
348738
79991
81931
7380
8497
64773
55780
55212
8273
1523
10621
51504
9130
283867
5888
7857
112817
4500
202915
472
1070
6882
100271722
493754
80817
9986
10063
100130581
283284
124093
118433
219844
6423
135656
658
165055
51678
92092
3305
83896
643677
284359
22924
80237
245973
284702
221302
4185
78989
55717
7597
392617
158046
57826
115584
284835
1747
100131454
51134
11230
3972
286006
440503
23479
51442
26173
1815
80741
4780
222234
283948
22798
5387
8076
84561
79661
8620
7054
2074
221830
81887
4863
115948
57184
10527
29960
203547
285768
7643
27085
54606
653598
158160
23205
2564
730971
26122
83482
5030
635
51272
390980
222256
730101
398
120863
393
84667
57575
400242
114823
23406
10631
8941
29982
147658
79933
5382
221491
395
27439
56652
57711
9768
6046
51454
22829
10233
221078
346389
7955
84295
117144
2339
55505
84820
5121
51290
11137
79064
5094
5781
8839
9956
55192
79957
5283
6632
79600
2167
55744
388550
6445
6262
3859
57684
54543
9244
4025
5379
7166
347862
3223
43
84837
143666
6615
54769
1029
28969
120526
8732
9399
26823
11043
79634
55554
401253
10538
23172
57864
11062
440307
51083
116372
550112
26238
138311
162993
10285
56666
9478
55975
29113
56924
7711
11272
6853
5621
55609
64240
6171
55576
29952
57150
158427
1871
123688
51582
89795
22978
4358
57102
10199
10793
494513
6624
5360
4673
729171
2057
881
8345
6050
84881
6120
24147
140465
6991
3188
79841
50624
27120
280664
5260
56912
3621
2553
255252
1427
139886
645811
51200
161779
55472
54093
27094
8029
25913
4885
90853
51545
55915
441457
84298
100302692
51427
1874
143188
4007
401431
64582
347148
100130238
93622
767558
643387
7169
4091
6770
23275
554235
93099
388591
441818
7516
200232
283981
253724
1759
55657
8821
7220
119391
5425
6553
157506
10297
128414
54065
124491
3952
7737
25888
255193
837
8726
26031
610
10302
113189
114908
10813
254048
154197
401172
117532
1775
154215
84264
7978
23036
10957
202151
339201
79444
84292
25957
79095
10325
55922
29087
8512
6748
8557
387264
1176
7073
91894
94239
407975
6496
403341
333926
8631
283487
51026
2978
100132831
170958
142680
10329
84124
90416
57053
6563
3601
101
4356
2250
164312
6734
6822
3770
387590
65123
51187
51631
145447
7637
6875
286967
64753
2280
283208
54476
221504
346171
93145
51351
80723
26227
11075
6911
286122
84897
26013
64429
144363
30819
441054
284632
5324
147744
84993
83876
85442
255394
29881
283596
359
27092
159090
2296
6872
7574
10724
1413
54429
