3915
80094
9342
23395
399687
3308
987
2781
51586
4720
84889
29775
117178
56992
5825
10421
51043
8503
23648
64400
23507
3205
23523
51517
80185
79932
126661
93185
29890
6598
51479
125058
84196
50489
118
10960
51808
5743
950
201595
84440
100191040
100113407
8226
6505
291
161
1493
10444
54795
6047
22907
79707
79646
51592
6817
1952
64922
160
404734
22837
91050
84879
8915
1595
80054
57168
85369
256356
51523
8314
284185
10396
137970
54877
6367
7403
10296
5373
8310
1209
8220
3416
350
9927
55520
23218
11035
23061
3084
79947
54886
54492
6523
221120
91782
8943
23028
10454
54921
9258
79699
440093
23616
6272
200014
23576
64090
84224
9698
26088
57511
4259
246243
728661
6550
6942
1376
9372
261734
9542
999
5792
5635
23567
2936
4998
1495
9670
23358
10607
10891
114781
92129
8991
462
55909
55304
2524
23612
283358
130367
10726
51291
23541
22824
22883
23326
5205
23265
515
9213
23461
157574
3796
51253
9
474
84301
10691
9772
10
5297
8744
114034
202018
23400
5236
203069
9364
201501
55706
6787
9681
10497
3120
5097
10973
2580
8508
22874
51150
11095
169693
9993
60313
25973
3993
23318
9583
2806
25854
10380
4591
9341
85377
57805
26270
2064
2222
79873
23438
4719
57470
252983
427
10238
6421
2314
9731
23264
220213
909
1729
138151
2934
2873
25793
57523
116412
863
6391
11252
25849
288
26999
94005
83849
8574
91408
9527
54810
1650
4524
5152
55276
7290
286753
92181
8289
995
65260
60495
25786
23303
93621
57509
51493
8073
9783
4967
4437
4739
387990
10672
1213
9214
140735
9110
3064
50
203068
57614
6536
10489
910
26523
9479
9948
9575
3909
2475
355
374907
57003
25813
55628
23231
65220
147381
