51614
998
79937
8714
54732
632
124739
5878
8336
10548
150465
51586
29071
379
79669
9562
51692
147
22818
100134259
56129
5435
306
10597
244
51013
51605
5201
143884
6697
1819
5806
28232
1964
5899
83752
79009
638
26007
147372
92400
4900
388
80777
3198
5445
4494
23764
4501
5682
10054
51287
6778
5716
8985
7076
56111
51629
1861
51474
55759
84193
10953
55122
2017
2498
5327
6857
10428
10301
22845
25839
16
55107
26747
1829
92140
29074
2119
4258
29093
440275
129831
114794
79071
55795
55319
93627
199675
25926
4435
4738
29780
2862
7532
26608
23760
10476
595
51142
51537
5315
55006
606551
10971
23659
6780
26256
144402
3754
647121
6169
10371
124446
8815
8828
90410
5002
9382
771
388753
445582
1491
51128
51639
89970
9217
440359
51202
441191
54919
6868
51714
11033
10328
9689
8061
10531
85455
81853
9114
3074
283237
132
6950
5977
2180
6495
5604
29081
85415
2591
57001
6141
53343
79796
25963
6695
51571
7476
7528
2746
200407
4481
7443
3918
100129075
56851
284106
1949
157574
55677
26010
123263
8968
153768
90196
3047
9240
84978
653145
81542
79786
219
5887
8669
5358
53836
51150
205860
64423
90231
8356
554203
5565
79180
79816
7529
145407
57613
2768
3218
197370
2790
57828
79039
84661
8974
94081
55898
4285
230
10959
7458
541471
51107
29934
51264
9791
79882
51155
7079
5937
3939
57213
252839
10992
1588
2967
3396
7965
9499
55226
79589
84342
9531
102
55731
3678
9790
284904
51371
5901
64374
79074
8891
3995
5245
7332
10480
1459
51077
3895
54766
51504
51121
84916
23353
3183
3358
81855
56160
285761
5782
63035
5601
29100
399473
162461
7092
2582
9255
5160
23568
63916
158471
56052
27020
29966
8886
4635
339983
51720
118433
2197
51060
5770
858
140894
51109
160851
3959
10505
151009
9221
8399
79642
5865
64837
51678
4973
145567
6390
51522
10455
9296
79921
590
10076
10056
7355
171423
4779
79183
5691
388743
80097
3229
132321
1839
9343
4728
8140
388272
55661
25977
7057
23242
27351
64969
3772
80224
389766
51649
282969
56951
79080
6281
7424
25855
55146
84336
10282
10632
8565
4502
6155
8880
401010
29103
23478
55153
51390
23480
55027
4694
338761
2297
6637
6613
23071
201266
29789
10910
79068
11112
3655
9200
6309
728591
5531
51478
5713
10955
27286
8800
343637
9522
54788
8664
5089
91749
26276
26578
27063
6515
389541
57085
2132
8826
112487
2734
3222
9100
6879
6742
284186
2098
10808
27249
10730
10393
6836
2232
10681
84310
56164
7009
26049
29960
23065
51154
56648
51280
5203
9829
114805
4010
25980
29082
57175
11319
59274
6342
5436
1845
1717
221035
100302736
10599
7307
283742
5110
10807
10447
8260
26519
7379
26071
51634
730971
10294
55308
100128731
3956
8614
401397
220082
219931
1798
220323
6690
4837
5902
204010
84280
51330
219927
5917
10574
85365
2535
55157
27345
547
727896
5702
147007
51283
1608
108
6335
55854
10153
91272
9403
5717
22919
51018
56902
7408
2010
2195
6511
4493
1012
1482
55314
57129
10357
55054
4714
8412
10431
653308
54205
8277
5328
22856
11056
340543
4697
5499
92815
55352
3231
2873
64493
7135
8662
123624
150290
10456
92749
56132
5507
6418
135886
3480
79023
3149
5866
116254
58533
84295
10197
84277
9510
81533
533
55505
9474
51290
57451
728378
23481
377
845
55379
51528
440145
892
5683
25987
29796
124245
10885
6364
1401
4059
60559
4055
1465
79600
7407
64224
7167
1723
7093
57761
56886
221458
10904
493856
441089
6262
6653
6741
79837
815
54543
128
578
4025
5912
10948
340206
6202
28234
170689
55578
57707
22954
22894
649330
9507
254773
148641
23483
113402
221662
92856
118430
11097
100
5688
79102
54474
118663
857
28969
302
4496
5684
11014
81706
2212
150678
8772
340075
84138
25870
326343
8812
51608
1312
1635
51085
145258
27102
9559
303
115207
51204
7150
53942
10960
2150
149281
29095
950
2184
10956
29922
22948
514
10146
26520
10477
80762
51144
5829
150244
84771
22943
10285
60529
4783
65997
3030
4654
829
1075
7184
55975
4580
8209
6790
122830
6500
29927
51569
54936
2677
3251
64110
55860
283927
5836
344838
54707
6574
124801
51324
344805
10468
132625
1200
9375
3976
2831
1956
7095
155370
8475
5054
56104
7045
6302
103910
5352
5687
3945
5496
1973
8892
6135
4831
9097
153527
4317
3219
390284
58478
344167
84681
402573
152579
139596
6624
81889
9140
55270
9446
26577
10617
5264
60560
8202
10606
26123
124995
7268
1948
5230
5663
54499
5479
222901
5154
10857
4430
6120
55095
8464
10134
24147
4729
205
11282
64146
5630
6905
55255
8813
9289
56128
11326
219738
805
7693
283458
84262
84189
10095
53981
375189
3839
81562
79905
10694
685
22926
27131
84910
64288
10644
152404
50859
5718
26574
28989
1965
63875
10130
29058
10135
7416
441046
79875
83787
84058
23779
25879
147040
51702
284119
91283
124808
821
2068
388965
10040
9618
10651
57703
2191
64960
55611
79703
3735
5672
89890
64979
54741
10213
8853
5544
389336
813
3320
65008
10423
56942
25798
51400
23286
286016
404550
10541
1650
26499
140823
55726
9785
5471
11171
10553
996
440138
10072
375519
10935
60592
51635
163071
2109
1213
55238
51008
162282
404037
3705
79613
55812
257407
27443
10204
79081
55450
171425
340267
64342
3309
119710
5213
308
5709
6158
55532
64129
4907
10202
375790
4074
11235
10914
5481
9957
10939
84311
6388
219995
55529
7703
10732
54819
1351
4023
79781
8761
729515
9419
5425
79649
166379
1728
8294
10175
2817
1652
58505
4723
7151
140690
3732
51388
23386
5033
1488
11079
51652
653639
9577
4703
6185
5441
10109
399949
5098
10813
127343
8607
54541
79568
51809
134492
1826
131076
29979
26973
8087
1736
55356
55039
65078
291
402381
2631
10464
10007
90843
55625
8992
51184
26257
4869
90417
54947
949
92482
55181
57787
10558
79070
91683
79644
8125
967
55033
2181
4141
55922
152573
823
23367
51075
9048
3329
5711
51599
10934
7389
8678
127829
4190
6727
55889
79465
1174
9442
3273
11222
151507
1478
305
60401
80329
123811
54921
139221
253558
56108
130940
10329
283820
28985
10419
23555
3073
162417
529
6713
56681
57019
375
4236
151963
51463
2877
8091
79719
28231
374395
11345
79833
27018
55737
1131
8500
10797
55257
2134
5432
647033
64284
79587
94023
23184
283102
51248
23212
2627
26003
197
8900
5217
6332
7353
84061
10980
54908
11328
84896
23541
51234
575
5214
81608
2992
30844
9588
79712
3755
2520
8846
23643
51187
6331
6747
6812
9213
7203
5708
9349
10963
283459
9551
22820
8724
145389
6672
10128
6647
84365
26128
93380
29097
55328
3009
283208
2782
402
143244
3170
8455
2806
5910
23603
175
5664
24139
1647
54987
65003
85437
11154
93663
404201
360132
374
50865
84456
10945
6611
5896
10238
121457
723972
11340
84319
23560
304
10575
351
9699
52
728024
57222
7490
94005
84002
10478
11161
1114
10989
79567
8394
10972
4711
51335
2282
10555
29070
2792
255928
81555
85285
9643
2923
55660
3897
56913
2950
133396
58488
5571
26610
57570
128344
5890
2588
79134
27092
8609
22941
339778
2108
3190
3098
11315
55844
22949
54946
23786
5701
136
5950
28987
668
51081
6730
337867
5575
375607
146512
1977
