400673
57623
29774
23098
23383
84809
284349
80071
5128
200172
7456
64901
7562
347088
374879
84503
94241
23609
9840
4815
915
80313
54540
58509
84542
26228
90806
79012
54556
3809
375449
56158
64848
55599
943
11188
283130
94274
27179
9597
126068
7556
84954
730668
9737
135
284307
1445
27106
9988
155465
2323
400752
3355
440423
8718
7249
84705
280
339559
10522
353497
55209
9422
340385
6263
10349
1294
57805
51195
54900
154075
84924
256933
654434
3385
5877
4660
94233
59307
94104
933
153684
23152
54811
5321
9420
10180
130951
200030
90332
338094
150763
3635
10021
284656
285242
2534
728743
8973
440823
57452
643677
79058
79447
284702
9985
1877
51385
88455
79037
79927
55779
2892
7728
84215
152098
285193
5142
147138
221303
284340
646023
1468
26051
124961
27198
4123
122525
10002
1269
2494
79912
257
100129792
8831
57657
2524
1004
115352
27086
84939
285973
9847
57140
405754
93589
147686
1297
254122
64772
191585
254251
57711
144132
29883
2826
402483
343450
83849
116842
57189
11277
150356
161725
9679
641702
146433
116984
5364
343521
55756
79735
7109
147381
440193
145820
63922
51561
53917
9668
11279
285962
100170939
57379
154822
654254
5743
51380
284309
55344
84276
201305
1493
57232
27334
171023
90668
408
79612
114900
9806
10474
201229
440352
100129405
128611
79686
750
127670
939
64857
83942
4650
130162
115703
2570
100188949
170482
256949
389791
3748
54799
4242
115019
83417
3609
79820
7776
9834
79368
9762
7535
199692
400954
158800
22884
7404
3746
25989
84849
4091
10077
6770
84911
51585
256435
25850
644353
84952
10235
64145
388611
1048
919
1235
401463
285696
54854
100128288
285033
23774
5509
220594
124923
84289
9230
283446
387707
9215
774
7072
56956
284427
9781
9256
7185
5023
1564
50853
57599
65990
51343
10224
91782
57396
57053
90427
7572
6356
345895
91975
8994
100130311
1672
114625
199870
1060
158056
23217
7293
283385
93082
286336
10734
400581
353132
121355
64376
284443
84460
24146
115350
7541
53347
51533
953
100126793
53358
340205
2710
5342
340390
57704
163050
267002
55504
90592
29851
84376
26013
7733
388512
1951
126006
9196
11180
80168
645027
126668
127396
51281
10343
9783
23243
139716
51747
1101
23126
339327
9228
155060
2302
138050
645851
338799
8419
90324
1018
7593
201633
93323
2532
375298
727957
2051
221914
23140
100132341
9807
10936
165082
57585
8784
170082
23411
91056
828
54149
25897
10741
91050
9465
23334
644128
115560
9182
6091
283768
79970
93953
388815
5330
100128285
11184
388335
55552
5169
146861
55082
7455
129530
51364
64106
9765
140947
92293
51393
646300
10641
30
200010
90576
2696
1296
23678
2263
9906
7015
79230
387751
3891
169355
162515
125336
124535
646471
64773
166793
1438
3587
5778
2304
50618
124817
92017
645432
2784
57531
83639
57699
5989
54508
11251
57480
653677
6585
132158
200845
55924
94158
200205
4050
645121
10023
283932
153020
100141515
6257
284001
23122
83450
147694
113802
91120
5648
56899
8530
10336
100131454
1439
29993
339145
132160
339318
255798
8498
80152
4850
56931
3820
8227
23151
728989
3551
137964
143689
594855
202134
57688
29933
114814
930
90485
3890
22890
153769
159296
10750
91694
51291
55015
29799
147463
146547
114770
959
8288
8637
375248
54904
4294
146705
3662
1953
1032
84807
3965
5336
83988
84630
144568
5894
80736
5256
285268
80024
288
84266
2339
9852
283375
79741
619207
4601
146206
399888
166614
154881
55174
7010
161436
4211
23178
51465
79894
124401
54454
400223
113177
9744
6419
3904
643
643664
7508
3676
221472
10538
79778
127579
30811
93035
259295
55592
284992
492311
254559
401052
554
374977
285512
163183
8613
7634
4943
400935
401898
353135
343413
7767
93973
9070
100131998
6616
7124
145873
255812
342909
441282
284837
342618
10004
9284
2055
57799
23550
8225
1797
55691
283870
81030
55702
164127
246126
5429
143282
51744
125111
58508
1565
257000
2035
54103
400322
64595
401562
84915
9841
64711
339829
1237
2814
9310
2660
79713
93622
124056
84765
339488
94039
2322
29944
6869
4117
374286
55721
55268
285601
9423
4291
25799
26036
149095
23015
83473
9630
9778
644943
132241
149175
2100
51341
358
554251
54764
10748
8314
4820
9922
126432
401331
100128569
5050
150365
142680
57822
767846
389114
339942
347736
94030
148898
100131390
7182
8629
55290
100132406
1497
57533
389643
114790
89884
149628
1785
619373
89849
56204
60313
10044
83719
65982
80161
1663
64744
4217
3899
84663
648740
116039
116828
5463
9051
9064
8302
30819
55449
112476
26275
100125288
643641
32
286530
53630
79173
255231
9365
148266
1769
404203
55193
1298
8541
56949
773
148709
113179
89846
8503
221416
10950
8651
6002
642826
4926
64386
1233
56658
100133234
9495
10388
83475
55367
169841
694
1840
54784
9797
401375
400891
164633
1286
348825
440354
653635
51276
260436
440072
414777
8643
284723
59271
8991
81576
11151
286367
30832
10307
4607
6192
56267
149699
58189
23138
6430
9894
728882
79917
3581
79885
283234
93164
83854
7351
284654
9044
23048
84734
1558
10943
283659
5583
7380
199223
140876
8473
84527
9498
653361
3384
3064
100129482
23495
29925
401563
147929
7775
284403
50487
8287
5616
374887
27033
8529
29949
8495
283987
65979
51409
63934
8653
7442
83869
51277
259308
78989
8549
22861
9663
203102
54102
270
23113
84464
339483
100128573
149233
115286
642846
140890
79877
285016
164395
9254
51588
7342
6367
100130872
27240
414152
10677
26002
8620
119385
3811
388121
728661
1195
79759
386593
1186
65267
8654
51237
100131434
388886
275
80217
9261
441631
92595
23473
152687
192670
10217
225689
3766
221442
51257
7988
65249
1850
85378
400242
57565
51027
4063
729873
7297
9295
160335
22829
23415
25823
29803
863
83758
349114
81794
634
5148
283807
55294
100188953
375759
64499
196513
100126791
2206
253738
23539
246181
3674
27134
2153
26048
63925
4439
1236
171169
219749
81890
26959
54954
80223
6433
1511
83394
503645
27115
9437
921
84678
100191040
80342
923
57620
9037
7471
10608
57481
1084
886
23429
744
100272228
120425
440712
390667
3957
3738
100128378
152831
22932
9826
115110
23403
150776
83989
7486
54850
8174
284233
10922
7133
338323
11129
6954
23030
23181
497189
203522
256076
151888
25840
64333
23584
285629
285464
81796
51806
217
91544
147660
9344
27327
57491
80852
23468
10147
286554
10181
27244
4857
11083
6776
619189
55422
257044
79831
146691
79685
5313
155400
3603
753
22904
9665
57639
9866
7287
11186
4917
246330
10297
390072
155435
116983
64760
5016
254048
339324
390595
7594
23370
148713
56245
2145
116443
259236
7564
25957
5802
127002
7267
23218
542767
148103
407975
55917
100129066
91316
6794
80314
339535
940
80824
22832
7696
80108
10861
9873
1380
50939
9923
79640
917
1325
2151
80311
9701
51091
91319
441151
5790
113835
1475
3938
5739
254187
2580
142686
650662
64781
285382
93986
136332
768206
152926
90203
3512
90780
100130557
5310
7148
6903
1910
2833
23746
22902
401251
131177
10659
346689
55138
11132
5368
6689
283174
23382
4902
165631
60412
1911
1731
11152
84726
4069
55500
114803
55629
54491
8698
64780
23381
8490
7568
1628
285596
100271715
147650
646450
79573
164118
54997
100132724
283663
113457
10663
340351
729096
83637
127833
259197
6846
407835
64718
1466
163688
440081
8857
8456
645784
606724
89941
7288
9726
57176
4929
1621
8509
8566
100038246
6504
57549
84671
25900
115650
85451
57282
1310
140771
79958
51185
55007
79666
26050
440896
79819
80764
7544
168537
286256
400818
3642
83878
4610
55337
7100
221091
57719
284100
783
4908
9905
4671
55553
1053
4968
3780
112755
157739
197335
375341
55160
9267
65095
9441
8492
51466
140469
114824
177
57494
92241
10781
6328
387644
400027
973
7227
114799
221711
84861
51750
645431
131873
83593
3004
84865
79852
91768
133584
608
6506
4899
9820
23046
53615
10335
10482
26261
9770
51710
3087
54925
10278
5387
93978
1838
8028
640
374875
10800
389517
55088
8284
155054
134548
54855
90273
92344
80726
27085
29091
3067
7161
9473
643253
2838
84657
5577
56916
100270804
283131
23294
780776
393
3993
84129
9290
9951
5609
114823
54509
26140
91653
55313
6305
51146
8115
55096
85028
388567
401124
51143
404217
23017
56006
80119
284613
9814
26060
23180
408263
374403
386724
7166
122809
55246
58496
284367
401253
55267
8940
283629
931
23316
8543
23262
120329
84163
3096
84449
57471
25956
9963
399844
23526
162993
6452
199786
284390
25832
56946
64109
5988
100190986
6314
2120
80183
27141
4682
285971
440107
9252
55769
573
54106
58500
1870
79895
440836
6534
905
3707
7110
22915
81669
197358
3718
26039
64418
645369
10517
10825
7627
3695
387640
401612
23430
286103
2837
90864
154386
7177
147727
6304
84444
5087
2628
84330
6843
121549
148223
4524
22835
9087
25981
91752
442578
10908
10110
25898
94059
29911
57705
284346
284618
283420
55219
253724
286151
51179
57830
148156
283450
5868
55124
26266
51479
57541
92070
7581
147808
201895
79874
64478
56301
58487
489
9732
6096
8925
50650
9402
25862
8310
388165
55520
64599
117608
4056
974
26268
161931
27040
2528
89953
54831
57604
80169
114926
6403
9311
167555
54870
339451
64926
846
56920
54535
728448
286205
80851
148741
2487
51542
55843
5243
163255
343
255488
170850
54991
58155
3932
916
284439
7352
284632
2996
9294
100132832
84146
284565
65251
11238
389118
253769
63977
7552
126069
83648
6003
389289
2796
84699
389119
140612
646851
51361
340554
