998
11144
1031
6431
92421
8655
10389
891
29089
1659
728936
100128385
5810
29923
890
8847
2960
727940
6518
80071
23193
59339
5445
7112
55355
3516
23431
84986
3840
5165
157570
27161
2498
84455
84722
10301
3099
9653
7306
11130
7298
79871
57730
10576
3145
7587
84542
85414
7546
79071
55319
79075
2023
92312
993
7532
23271
339175
3340
729533
728640
990
8857
137695
55789
7439
10552
8840
9597
8862
84332
151246
202052
2200
2177
23020
7283
60561
100048912
220134
9319
283237
3172
5873
2936
9318
131566
3074
4998
23168
1063
375704
373863
3620
132320
9016
57863
440423
57325
11260
10642
53339
57116
10112
3796
7398
25890
153768
8318
9837
777
4928
7319
3550
90768
56
222229
90268
8669
286527
55388
9994
55209
79596
724102
90381
50937
79915
84328
10622
9055
5747
23324
84947
7504
257415
57805
94081
83734
10250
134510
9493
9942
230
51715
26586
6941
7351
9958
79968
64151
10915
2706
1019
128239
145483
3939
122769
81931
11167
79589
22936
4968
7965
89782
9943
9063
8497
4134
55731
80267
6129
29929
10168
8891
10480
7187
3182
8970
55872
54811
79441
4919
79595
343099
100129716
6536
6566
1719
114824
9949
1070
57531
152206
146909
9856
55835
8001
8790
56929
55023
23089
284403
160851
219844
25930
154807
5744
51105
10376
51678
387601
117178
22974
56992
256355
89839
9497
8819
131368
5933
51057
126661
64863
4898
3229
80746
23683
5884
91120
9343
1058
81624
23312
3832
85865
3161
9585
55331
83903
699
4051
6059
5794
100133144
7690
51559
157313
254158
55176
375444
2287
10236
283373
59350
23480
59353
11339
10714
84628
6745
441194
6274
6472
285313
9793
8754
4139
375035
54478
64397
24149
3551
29028
56852
2194
2632
2707
58538
51512
55613
90459
442721
23600
23107
152110
55329
4319
51593
283554
23642
23065
56648
147841
6491
10733
220042
92610
3914
57405
246182
51151
4090
8038
22885
10940
3015
441631
9212
146059
87178
79029
730101
833
374393
5163
95681
79799
64147
55969
9718
163786
9787
54845
10058
55656
7153
56952
83461
1180
1032
9127
9134
254251
23029
23397
54680
9768
55299
25909
2959
4690
55635
26138
5256
3833
285268
983
5001
51143
54984
5427
91408
10197
80119
80155
8914
995
25929
200933
84904
5683
10886
51056
55720
641
10885
10559
26060
389668
26271
25896
8438
6319
10144
1138
55322
83540
7579
246181
55174
3838
219541
50809
140809
2189
57714
81552
55781
51657
6241
202243
6897
29127
10420
7053
284047
2107
4496
8732
4085
57157
57226
26255
79832
54962
8634
5395
160298
8543
79801
4147
150468
55165
113026
10146
55689
51072
23421
51203
51633
79822
134359
100101490
162993
1075
7837
6790
221409
8894
25836
256356
9133
348840
51023
79979
10605
56110
22911
10615
8458
79989
494514
63979
115265
84321
124801
26160
8520
79612
56300
23155
3619
6917
2172
4176
728643
1062
8475
84790
6513
54443
728833
10474
8563
5352
80178
1870
83989
5635
4292
79172
10793
23517
9135
9140
54965
1047
11013
10606
120103
1033
90557
8345
323
11200
100133957
84984
55166
7083
55105
55722
55215
8882
339977
84549
205
3033
25788
83667
79892
23398
2131
8536
10517
7272
84189
120227
55852
30836
1314
5984
149837
899
80856
653820
55845
100188949
153443
152404
19
1434
9406
10135
3486
83787
579
25879
124808
5210
821
55798
9209
55109
51130
528
91409
1746
1232
79820
338069
340547
5426
51427
813
643866
140707
83729
339487
8841
51400
26291
56943
55726
79772
6940
23657
25787
442578
996
55768
55634
23127
54517
23276
145508
23594
116064
80135
5422
51110
26018
10283
10024
84135
8672
10978
285636
115106
55119
55219
54467
55003
7336
79019
54801
2146
286151
54793
4917
100101267
26521
4325
115123
64145
23660
140690
55345
199699
3181
54892
5033
148156
5423
1787
259266
23435
401884
991
84196
85459
134492
149175
11321
90957
2100
23244
10007
9833
55247
151648
7168
4893
56918
90417
4312
8499
119467
286826
64105
144455
9015
219988
1836
5378
4141
9555
10396
6880
4820
7037
55732
64327
78996
2530
2908
3273
129804
1478
6428
1130
51406
6272
117608
23197
2026
64778
286827
6434
79830
285753
9700
2515
84057
126731
54968
3597
6502
9873
10797
10344
47
81930
727936
728411
399694
440173
7477
3417
7913
2495
80174
8567
3925
81610
29968
112399
51247
93081
4288
11017
6747
9928
388507
85007
167555
54830
79710
79869
11004
701
348654
51691
8856
284695
55055
483
55143
9912
65010
9583
11169
8562
200844
84933
2785
8668
56121
85437
10403
11154
8443
131965
27292
414149
11340
8243
90592
24137
10051
9824
9156
79572
146956
286101
2661
27030
53340
6733
56311
8073
113174
7013
57122
10884
80028
84669
3475
8218
6432
29881
85366
387
26610
55740
54853
79173
4751
6883
57650
4355
159090
221656
255275
6730
5610
675
5079
5701
133686
5983
84284
79717
