23547
51019
1628
283652
124739
3816
6376
10251
7701
577
58190
113179
1917
6697
164118
7844
727957
3454
638
57687
388662
29105
3660
283849
9710
78994
57608
57479
56892
91056
2719
6813
3898
84317
8879
55330
1366
2875
284440
482
30812
126259
284361
199720
4335
10811
8904
388815
23659
3280
144402
285800
4669
115677
124446
286262
388335
81027
91748
55794
10014
3291
9726
1960
3134
729540
27324
83483
2889
8436
79755
23563
10328
55177
221122
55620
10607
9961
59271
146894
283902
57659
2323
2642
30818
134285
60680
57610
29094
100289341
116441
56131
682
9143
2775
60673
11037
347365
51090
2571
283951
26153
8237
342371
1655
126695
51084
100130015
10239
2815
1002
3136
3400
83878
7691
55295
55337
170394
116362
57111
51421
2064
5555
388135
25934
54920
84734
7849
94015
10140
55251
2355
3026
1053
92558
954
5681
55739
7757
65266
387856
148808
55351
10742
3727
79641
4993
4071
9658
8178
1026
56850
9026
90332
55336
23568
64077
283377
969
79791
9138
92162
8717
8551
474338
10162
146330
51117
10560
27156
151009
283638
81631
7704
643719
22927
1263
1397
26052
8659
317648
10023
3600
2160
98
28996
79785
148932
130733
399665
7067
84433
81848
6337
6468
10385
80790
54849
55690
55859
4209
1877
2018
5138
10690
138428
55527
54102
120939
10974
79927
85509
84290
10336
54795
54932
79853
84951
644809
163589
257364
285440
285016
441869
57572
80152
200186
144608
3820
83595
1815
7113
90362
64856
197258
56911
9572
146325
83714
57228
201161
54788
54148
5089
374875
8824
2828
257019
55653
3725
9100
293
10866
8645
6571
28
100240735
79759
267
8349
124152
51451
79784
4832
6477
8547
123207
9249
57453
1118
23359
3549
319085
3133
284680
84922
3326
57497
112398
140459
118924
147798
55718
55308
6578
27013
187
9564
9278
6261
7763
196743
54461
503693
5253
414328
28955
57178
442213
65249
1850
25780
79603
181
7263
8787
3931
26038
6934
23371
2354
2850
55623
4714
27160
395
23644
10319
51078
9903
79903
64493
7135
2645
55092
346389
8835
4070
4215
1822
607
80724
8416
84265
114789
2066
9411
9683
9679
3164
7832
9819
822
64788
8576
10273
414318
253738
80763
8618
116285
79414
6810
159686
7010
6137
81847
9798
1947
5720
63925
4211
2788
7248
441478
378832
146439
10613
161882
221545
8558
84109
2261
54838
286319
2915
3728
4616
1635
2254
401253
81788
132864
27115
94120
134288
29800
3337
100191040
345274
51320
79758
84687
50808
7538
197407
10444
602
92154
10540
60343
7923
9478
5455
79918
492311
84662
122416
254559
554
4302
20
130132
113220
643246
9013
57017
116448
2827
8613
56262
23174
7108
3084
79683
3135
124220
151194
29952
9150
56961
203447
201229
51564
341640
3430
3300
3163
3116
81577
493812
349149
10300
6650
56904
460
5733
6484
85450
81889
10256
23295
10867
85453
4440
56623
750
54549
58986
5453
79724
400794
55095
10570
197257
94086
79689
7392
1556
220988
50624
84219
25970
3948
9091
57716
79132
1616
100128927
83657
7942
57594
56099
3209
90864
60484
256949
217
5731
50944
6258
387700
140701
3824
56927
51422
23677
11092
80852
377047
55793
1014
6483
79703
23409
83478
5076
51647
79144
29984
1874
7284
81831
147746
283970
55362
10423
56548
143188
486
80310
51378
8263
4489
137994
442720
7088
79831
80781
55238
53905
79713
129303
6844
55260
100128327
3753
645676
65080
10204
259
55239
55450
54386
26286
54101
81603
9858
22980
1410
112703
624
84457
64080
388125
5564
26100
8939
18
1365
1759
653319
6891
5595
23373
8660
80271
2077
197259
284086
26012
23090
59342
619383
124491
6755
92714
25799
6296
7922
2034
79007
8269
550631
64855
85358
57567
9230
79874
10066
666
114783
57188
100302650
51341
25928
774
93233
387885
83697
8741
9256
140689
5093
6401
353219
5817
728656
2622
114785
8512
124044
647024
1776
4353
51227
125170
652276
1961
284578
148103
728689
339398
79585
65990
150
100128569
770
5371
403341
54620
643224
54780
605
9592
642819
255027
6909
677767
162417
11170
57019
25880
216
124976
23339
57582
197322
2877
3601
94103
1327
64420
123904
55686
1131
94030
64284
23710
25972
55679
56257
387890
151534
23217
5191
27231
79152
23062
51458
8775
80303
5164
375775
266722
170371
122553
90121
64319
1191
1994
572558
6687
25844
57597
220164
768206
51655
527
115992
4217
10912
84229
23274
285315
10945
55556
92305
23574
755
93100
1910
23361
80731
79650
146336
11161
51705
79567
26503
326624
10555
51281
26275
9516
10215
57477
865
5155
53947
146845
286530
23743
146542
7552
9568
9365
8786
55844
64405
114990
28987
50813
4324
338328
100170765
