6188
632
8677
348254
80129
55191
84957
3207
51076
1819
8364
356
200172
64689
2017
26354
80117
66005
84337
653390
6881
26228
282808
1104
90378
390
284040
943
55789
100130742
4796
31
3139
84332
1051
60561
220134
23563
23145
81698
29081
140453
58526
23198
59340
150696
374291
285359
84705
9241
3751
92667
1748
55209
10603
8482
5498
6276
64506
654434
23016
122769
94233
874
203430
10330
92822
94104
378108
9130
153684
23096
285761
11250
1474
55839
10180
197342
64077
51308
91695
7589
2971
10021
24141
129790
90480
79829
138429
25930
25886
10635
348094
474382
728743
11209
6175
10322
143630
126549
131368
8348
5891
56672
1371
7004
654364
1877
126789
6620
3872
1058
3805
960
6209
152217
58485
123879
10919
3036
285193
429
284371
22995
284836
6147
22916
4123
92270
90313
6892
1946
3222
10430
140901
1196
10002
83401
200350
152110
113157
55738
8831
3914
4597
8260
7379
84278
116988
253980
9383
84939
285973
366
9212
10806
93589
2879
9832
9616
1841
3588
55324
7390
11313
285958
85016
64772
4201
7700
79016
6429
2314
5328
3148
9242
653784
55117
2826
402483
347688
343450
53822
84820
56948
4055
5204
729582
8694
57761
11040
150726
283298
4025
80228
5320
9569
51561
401027
1287
145741
414059
51380
6665
79801
6947
1493
10540
2245
79792
114827
2619
54739
11272
55957
6238
784
7850
7818
9021
4277
219833
125875
79663
84286
3430
4831
2671
440352
6448
6484
402573
5329
6487
84187
56928
64220
54487
23433
79168
221527
5479
767811
8913
78999
2570
83694
93273
4913
7157
55036
54093
51702
5886
6764
3609
170680
84727
79701
79820
285148
400931
2318
813
7535
9746
79977
10699
2997
716
162979
5029
9024
8569
23531
7018
83985
6604
388591
65989
9877
200132
23629
2123
144486
3887
150082
23360
121340
54854
55180
10813
951
5073
4199
1718
5292
23309
283446
387707
57622
8439
6648
148252
27043
55853
10425
492
151507
51343
5371
79734
28985
6356
126731
100302640
2937
23139
5036
647033
90580
5598
7805
645142
1454
266675
285533
521
80308
9349
10899
23625
64319
116238
483
644096
3037
100126793
340205
23274
5342
131965
7047
729085
91057
90592
24137
10051
10262
9156
259307
9196
285154
338692
865
23583
10898
4621
359821
54949
155060
100128788
645851
92675
8419
8336
3700
1893
29089
8632
22889
54998
3757
727957
517
283748
55361
80863
9605
60674
57154
90110
64708
431705
54952
10576
55596
199
968
112597
2196
283768
26279
92312
39
4747
84269
2738
6326
84668
11184
434
254263
388753
338657
55009
653604
113000
5979
196500
79155
8200
6173
23593
23753
7517
123920
136288
132112
160428
26262
196441
126526
56882
84996
202559
353500
56
3483
10641
7376
94027
139081
8646
87
63941
5690
10915
9791
169355
151903
64773
90379
2079
51602
79844
2786
645432
493754
9986
119
347918
4122
22974
22994
54934
54072
94097
8785
51123
84717
256880
51649
3263
100133331
23175
51559
341405
6878
199746
146177
55317
728404
343637
10218
57666
2597
400624
6904
118881
345222
51490
3338
409
114787
5605
114043
26071
2564
64714
7097
8398
6573
64852
5134
8665
95681
55357
9718
1649
400120
80099
25903
661
27160
125950
3965
114907
5894
3669
56660
11093
130340
649
10391
80024
51025
1265
7349
100132247
2584
2339
50515
8914
1535
27239
2769
79741
81928
154664
56604
57338
6741
79586
4878
6137
1687
4821
148413
100
54454
400223
113177
283761
51352
56063
4496
6167
120526
5694
7936
7480
1455
27102
55907
282973
4925
79065
10538
54551
112936
84940
5819
440730
156
284013
60343
54039
516
92715
54859
55891
2116
144423
284353
7264
163183
8190
57591
80011
3608
997
3276
768097
3053
576
121275
56996
11322
617
51314
1973
84817
10300
80179
84883
338442
284677
11200
6181
100190939
29894
55201
25788
6905
29889
56000
5984
26119
645811
81030
407977
58506
1232
118490
399815
5756
140730
60681
60386
401431
349667
283673
55262
127495
24
402665
3101
84529
100134229
23597
79166
374286
653319
55721
11156
85026
91851
3014
4175
161497
132241
93492
4794
8625
391267
160
1742
1145
84126
6795
5540
51312
149111
401331
59269
54757
6229
3787
8631
10736
84124
200014
56261
6688
7473
8091
53831
51248
55884
23612
79152
1545
89884
55222
410
2169
6396
6687
203054
84933
167359
81607
677781
414149
80336
6218
5918
8822
51728
9699
5777
644936
79729
284184
10803
64208
57696
5816
100125288
6625
22983
10263
60489
255231
5704
2091
11315
383
4776
10288
7005
152078
733
51692
5435
773
51368
244
55355
78994
221908
4595
1890
27099
3145
55795
23529
29937
1796
29844
255022
129450
441024
84034
9454
80346
8911
90410
51433
1441
8131
2876
729540
80128
8643
729633
114041
11151
8991
4607
10360
57489
54575
144097
1390
728882
29909
414236
170394
283234
51282
55716
5589
100133545
7327
54094
10381
7351
9044
146850
8601
2331
116412
348738
6161
342908
5083
64928
23247
58525
338339
201255
63916
84631
3224
51060
140711
5522
10505
220832
1749
27158
83742
387082
80154
94026
7301
55661
8549
5553
400410
401535
6281
8337
54209
339210
642846
56647
729092
51134
10539
79877
6462
2297
164395
768096
29926
100130872
11035
390916
2707
11211
10589
8620
55211
9924
1111
147920
9050
54480
55851
79759
64900
56164
23642
1186
147841
6491
64428
653598
220042
7307
246182
7152
100131434
9636
219537
266971
5715
93429
390980
115908
261726
441273
432369
6284
221442
10101
148206
55969
400242
8941
55054
54205
7297
10123
51778
388730
65094
23415
8514
3833
3561
55316
79923
389
3383
728392
25803
6159
79091
29901
6839
55692
3814
219541
4316
55578
57817
7409
83658
81890
8313
440
731789
7022
118611
389813
6374
121793
10721
81551
92609
7345
200185
84249
468
284358
150468
11147
3992
602
1054
79848
9933
6334
8704
79918
199953
65264
22839
54976
25861
8220
140700
90835
2905
3976
7084
115111
127845
9826
4125
80178
64285
150776
6023
440925
23542
391356
4343
81025
375260
8813
2152
6716
146227
201158
375189
23306
79854
64333
80774
5279
285464
644150
4239
54733
705
57414
3912
114049
54482
266727
10870
126075
10147
643854
255738
10900
8674
389336
8608
10057
283989
6236
619189
4207
645676
5021
100188893
4946
6158
22904
9168
1852
5031
388795
55003
116092
55657
11007
6455
2019
10297
9001
90993
3181
56521
116983
29999
1847
10652
84446
1826
4722
220004
55356
79171
246329
84216
64105
64221
9884
58
5190
56265
8111
441150
122704
6794
4824
23339
22832
2877
79290
109
374650
5197
50939
10148
91319
1370
123775
30834
1475
5739
84900
7448
2210
389840
136332
741
143244
5361
8562
768206
29114
24139
54987
85025
729359
27292
79954
5470
6949
89894
23560
387097
1788
55037
8635
1114
6542
55698
401251
29070
146771
153478
57122
6689
8187
10164
165631
22937
1731
9992
84572
81034
154091
375607
64780
23381
84318
51614
6431
55173
6280
79573
387254
81565
3783
29998
9136
3046
1562
2539
381
83637
5881
79083
3866
64718
728640
1833
8517
8815
645784
9633
5143
79054
1044
3880
55223
8061
79868
1621
6629
9238
8509
4149
4284
6141
25900
115650
9094
11010
5132
55076
79153
205860
5905
6865
51651
57455
9493
80262
10865
50839
440044
57719
6187
130399
10392
200424
284904
6285
56955
11067
339047
4001
4318
114824
127534
2961
10772
204962
26355
9601
2209
6901
130733
399665
282890
4600
51750
51317
55690
3004
54843
5261
8896
79080
57407
374955
91582
81491
6155
84951
3972
53615
25950
57467
440503
8636
282991
64853
3293
1984
54788
79442
389517
22838
79147
9098
6355
4485
84305
55544
83650
203260
22880
545
92170
1789
100270804
5325
26085
100158262
5702
7750
181
84964
1289
114823
64132
10139
221491
1360
285367
1337
54059
85028
51428
145376
23017
84282
51726
4689
2002
9854
80000
3692
282974
84080
441263
84830
10519
90506
10948
408263
283899
5111
285489
84188
3484
728489
23423
221336
91156
84243
340277
51092
1043
2662
55723
10615
11044
7399
5010
285971
79622
728833
51112
23203
23251
339229
11164
378938
11270
55341
29128
81669
9705
79050
92335
84948
280664
84740
63940
26574
10926
23349
255239
1991
2191
149483
91409
27005
347273
503542
4605
11311
150483
127254
339487
29959
25981
492307
4685
11171
10908
2027
7769
400696
79866
81603
284346
26100
1487
253724
2778
54531
7151
55616
1583
51450
6666
57209
26266
64175
140862
54869
93109
348793
6657
79874
41
27433
90417
56935
339201
401387
116211
353219
84106
84823
57168
113278
51131
5822
8310
388165
8292
4931
9776
132001
10907
113763
64599
55210
6633
652966
6804
117608
5692
3557
161931
101
10409
121053
80279
27113
55695
10739
283316
6322
59345
2627
5919
1758
26212
23759
3925
8483
64210
554202
11159
338321
79133
64926
430
9755
402
29086
728448
115992
4681
121457
56915
64769
3697
285180
2898
130355
25902
100132832
9108
503640
29121
1609
3298
55741
144347
54058
283514
6883
10799
8786
157807
23378
84873
4237
79135
388561
51605
554236
5445
84617
118813
79929
11068
84073
646405
58509
78998
10737
115416
10062
4335
2901
8904
9557
55120
203197
100287569
11025
164153
51202
84148
441191
389084
57647
10531
147011
9988
55297
85474
113115
9016
57661
440423
8718
9143
10112
8552
2669
10522
1944
80725
100170229
645528
90204
10090
112812
23187
7504
55038
2979
3421
9717
79094
51155
114904
25953
23589
3852
254394
7332
2162
3183
5393
321
8178
7940
200030
167838
80817
339983
64949
7260
51522
79058
5691
2998
9985
8140
1795
80352
79037
3161
80069
255919
54795
55062
8818
2287
1773
9231
6723
23157
55116
1978
219790
84628
7498
55750
1613
9482
57110
27076
23354
83695
8638
8535
57571
170463
9612
414189
3586
84279
80347
5203
54963
51668
3083
811
51634
1212
54413
126074
643382
200879
55615
87178
26164
6895
6580
5349
5987
100134713
2802
644165
29982
8740
1136
51249
4697
100130933
55635
79903
6227
64067
55785
25786
7407
146433
7093
10280
6746
6262
126014
6288
63897
100132288
127703
11077
148641
50840
28969
5684
6143
84334
85009
340075
353149
254050
654254
201305
5863
90423
55236
1020
9377
4580
9907
58527
28988
84958
27095
168455
114900
6832
728613
80332
54821
259294
5526
8890
440435
161253
80005
1871
9144
752
10199
9751
51050
8703
10645
51384
3978
2171
7318
90557
127670
146849
493753
728758
441518
84262
984
5662
81562
653820
51200
3748
728568
782
3311
57722
27094
388692
29098
706
90161
150197
79797
8408
79368
79838
4007
23094
154467
9096
10553
10072
5725
10121
6489
125965
54460
27184
347454
5351
2920
80162
3607
92745
7220
9672
3732
7737
51001
837
26031
100128288
285908
5339
55954
54584
79175
7697
51809
81857
50649
4321
79176
57476
7072
6343
9911
8851
8481
7699
9696
91683
26073
221060
388552
955
6375
55704
205564
65990
3292
5805
91252
4356
6493
6734
91975
23212
9400
158056
79718
8506
1936
29968
5331
10734
57104
79682
54958
51021
54760
24146
54913
1945
9526
10661
9149
340390
283869
83449
84850
11075
54457
84864
84287
9780
127665
2661
1951
146336
152002
51335
80270
388799
135458
285643
2865
376267
23761
64405
1760
5996
56851
677847
1463
9361
10446
26102
11146
56978
8542
7571
257068
6426
23659
6572
65110
64130
55245
284021
64150
550643
23636
100048912
55082
100128292
284207
10607
114614
5763
80139
92129
66002
1592
84914
1291
9355
2646
116113
27147
84436
152185
2356
55388
29893
9415
6945
6818
55971
10398
2054
128239
29053
113655
832
3587
55608
91107
5778
78997
471
10312
2974
2784
118424
10417
27335
10039
23225
2537
197021
8189
3959
26664
6423
10376
94158
79590
283932
91607
4363
284001
29945
391257
100134868
11015
91120
6457
79187
10282
9463
112858
79033
5383
7036
11230
941
10557
8498
200186
8685
285313
347734
94101
113675
162968
51512
11020
29933
11045
114814
930
696
55858
79156
84310
9324
353
136647
112950
1559
6224
55285
400966
51256
6261
8751
11117
84283
730051
90226
3552
84069
11190
286467
4166
49856
8510
140686
26155
8877
30813
1025
23154
10886
91351
399888
196792
57602
578
43
728239
57156
2189
124401
6241
441168
10514
5505
302
57634
58512
145258
816
79087
3955
2647
2155
127579
51373
51072
285613
5034
286464
401647
55040
441295
56666
7181
80305
388324
29927
286499
6289
285512
9220
117852
124801
7291
6548
131616
678655
256472
25988
8563
23587
3300
10216
8912
23413
5360
1047
145873
5580
221150
60
7392
54806
51738
342618
11065
84759
63876
84910
10512
128061
81614
29058
441212
50619
6775
6714
89848
161779
257000
898
1746
64979
729234
2035
22864
2672
3558
7284
401232
4676
1237
170591
4706
7321
64963
5738
51573
124056
26230
339488
55228
5052
114791
29798
100134934
54477
199699
51095
3569
23015
259266
5098
57689
50863
6728
11066
149175
117532
254102
100216545
164045
10748
28227
26781
27347
1349
4327
113130
23076
3576
64946
644019
58524
114769
401466
9045
2630
5050
80329
1604
374443
27232
6474
348180
1293
399947
374395
56938
25804
5768
81622
84946
378465
643365
604
1677
57529
29990
23416
55646
84842
55055
5411
79709
80161
10189
79883
116828
7760
79845
5424
9051
79650
30819
63924
2192
112476
79025
4848
284069
353376
11052
7335
1031
23214
2900
861
64218
3159
100134259
389538
27031
3205
64748
165545
10950
3198
7566
25825
9610
3250
79798
3853
55122
114818
54967
10856
4150
9266
5655
6449
92002
10609
2274
9040
79805
57649
7186
169841
55065
158381
694
9556
729533
158055
6169
124446
1013
164633
4817
653635
677821
2642
51181
11284
9141
284805
11260
23658
57149
629
64770
151056
54802
11344
10761
84128
90834
10622
57555
55125
83854
26059
7919
199223
344405
53833
26074
6618
3665
654341
57018
100289635
924
9796
7059
23495
100271836
57291
5732
219654
115098
414060
29785
5959
162632
340591
90249
728554
7442
51172
26229
6556
27351
219902
203102
339483
121642
10212
4502
11047
55139
148738
64127
163154
6637
441194
677850
60672
10523
8735
91523
3008
7866
55515
56970
10677
57085
93594
5859
54851
10717
10643
4832
27153
146279
54606
126003
51237
57405
80307
3949
51151
100128731
51447
221481
9261
80018
220323
7786
10471
112770
56413
2894
1608
64779
65249
56952
83461
729873
662
116461
57129
525
10521
200539
9295
126208
25823
79413
2130
8662
1292
7069
1822
5440
60677
55192
641
79639
53832
255057
10904
1
10815
51654
1138
692148
55920
340206
3674
27134
63925
83590
51657
9603
2664
7692
6433
3000
114038
7980
5970
55230
22907
388610
55110
134359
7262
829
9859
56260
10184
144404
728875
4542
57167
100272228
9146
10450
100129055
5475
134
9150
91433
3858
268
8771
26986
81563
199990
5133
10922
8575
23295
9179
9641
80235
23030
90120
136227
6101
2301
1427
8893
3209
81796
645683
3075
149297
27257
338376
81616
579
79802
138715
1606
9618
124565
83858
90853
131578
84306
64840
10181
64847
7753
54675
51252
100132417
404550
7468
254531
57410
9057
5145
23276
4314
57127
388125
9866
10712
8869
11221
80023
92799
25975
8660
54929
3952
64968
11267
376693
64760
5016
5954
341208
148203
1775
148713
200373
65078
399761
286223
55766
93233
55625
259236
7756
131096
25957
5013
222487
4192
51548
2530
63905
2335
55010
6861
1503
54780
26469
3601
79833
5118
54442
7841
55512
3417
55644
441151
4288
6331
9928
89958
29797
1164
201501
285093
57171
401335
7474
8668
124944
54566
115557
90203
10888
132946
6529
9381
54972
83596
10071
5908
54084
26278
1857
92305
3653
2833
9111
112849
11257
400629
170959
2783
22902
11132
286257
2588
56667
159090
11152
8078
63901
151790
22914
29888
55666
27258
399744
150465
147650
63908
100128385
146880
4814
164118
6425
7076
2175
166863
388407
10953
10248
9862
1634
2583
10347
170679
79071
8079
64866
163688
65981
3687
647121
440081
794
7439
89941
169981
100286793
8407
57176
50943
91039
10535
131566
130872
8933
128876
7087
100128076
100124700
374897
2897
200162
9883
65108
26017
2571
6128
5997
64843
2483
147081
199745
113730
91179
390212
64859
79576
55572
3090
157739
375341
7804
9622
3995
9267
5888
347853
6182
9441
55035
1329
51466
4515
343099
3929
440689
6165
8928
55131
11316
84553
100129387
10195
677777
83642
1263
29122
5366
171423
1802
54440
29902
23615
84324
1820
3458
25855
3566
5794
163589
5308
240
26261
55027
55627
26173
94032
9480
79031
51244
6170
2650
54478
219670
1838
6515
64601
10626
8349
646658
92344
55869
43847
83541
643253
9409
4146
401397
728194
5104
8807
7371
28955
53342
100288778
26152
9787
7273
7153
84985
487
23532
7020
23644
3315
9768
2810
5629
221078
404217
619190
162517
79064
10452
25987
57159
84256
56848
170685
9814
51617
7165
26271
388650
10534
3859
388969
56342
57655
1435
6202
374403
440295
206412
340719
57798
100188947
80298
339883
55289
26147
50512
135398
54619
199221
57471
114819
221710
3560
84629
26191
55803
5893
9133
10485
10675
9532
284525
10005
1262
23155
2120
23210
440093
440107
51279
7045
54106
790
6135
1870
653268
4358
3985
6534
905
145864
494513
2115
10573
3954
91355
140564
2848
401612
115399
25879
112939
64332
10629
220002
10745
55362
56942
26024
137994
51042
53905
5444
746
10755
125488
151254
10105
619383
6944
146754
148156
100128239
4157
55486
717
58487
10969
4882
6712
9976
6004
54466
55113
1589
400745
124641
51026
9861
80184
128308
27040
2134
7477
9735
3755
4791
79036
6747
6222
23117
9311
5566
6199
55315
3892
79963
63910
6610
64753
79651
11004
9398
339451
51691
145957
65010
5699
7171
148741
10528
50865
171017
55697
6494
57835
9427
84897
222659
51329
7352
9294
2792
81628
10921
79002
253769
84501
10695
10467
51148
9466
255275
83648
7127
7574
64064
121665
124739
400673
341567
1001
51013
890
114327
80975
8798
8427
23149
91012
7052
126306
2063
6626
94241
4815
9851
171586
84818
222662
79897
127602
929
126259
8525
5451
23141
55384
51070
284018
147912
283130
100270746
730668
79827
4710
4143
222950
25807
388722
2046
677797
220729
2275
373863
2323
4838
10642
10113
23640
280
140467
339559
90268
100286844
158401
140606
10744
221692
6339
340385
552900
1294
51195
284593
79039
57061
8907
402415
387521
2256
26984
9684
79415
3385
55226
8497
55739
3678
5901
51504
10227
2737
6201
326
5710
100009676
3290
23223
200765
193629
51239
22854
54361
440823
390790
140458
25766
9497
65993
245973
284702
96626
57826
284835
440957
718
6597
55176
79637
389634
10525
9200
3663
8086
256364
29028
64412
389541
6742
474170
59335
4704
80350
4836
128637
3221
150142
5436
132141
5986
10961
90799
10804
140459
219770
57140
1855
129880
191585
6037
84285
23029
79751
84231
284615
55352
162333
84258
415116
3149
117144
995
150291
6632
7482
9110
100134938
9496
83540
572
81490
4241
63922
162655
64417
23166
81552
9203
84518
587
7053
8193
78991
283152
3902
54587
79169
5743
29095
1010
51547
84691
150223
83875
5829
442590
79935
128434
3199
4336
6853
255043
285195
55609
6499
54210
151194
84790
203447
10474
677775
56904
128346
8208
100129405
79931
10081
4282
10874
939
493860
51303
3636
64098
4680
347733
729956
6614
9902
130162
11326
115703
23513
22891
22993
9489
149069
713
100188949
7781
2637
83440
389791
729603
80742
140701
23457
27352
51067
5460
63928
4221
401288
841
26097
5347
23067
51286
158800
23127
85302
826
26301
10202
3860
124930
84874
27338
400927
387694
2146
8501
2817
650655
5993
84259
222183
255426
1235
5032
27152
10084
100132354
4726
10459
387885
196394
7185
154214
79070
6874
8834
9723
9555
9095
1471
114785
5803
23109
64426
51118
5373
79733
56033
51258
5452
7221
54539
2026
57053
3756
55558
55257
388789
8312
162514
341056
345651
4901
9588
9551
80381
56893
404220
7329
22897
221955
4833
339287
5365
60487
6125
11340
692224
29851
146956
83886
729597
400073
8394
100133205
51281
2906
401399
54676
55154
84905
54663
400224
10572
1018
201633
93323
4666
145474
26090
81502
221914
203
165082
8985
375690
79140
100272146
2069
55700
29074
3240
728233
25812
10460
9487
23162
84937
79570
79970
93953
11140
5298
164781
51804
9543
100128285
84680
55182
2617
24140
100129637
7283
7040
1809
84787
8367
57616
170063
100133161
3698
9159
7216
9227
646300
57116
7511
222229
4084
1296
100270710
57099
57111
83937
9170
84063
284339
57510
55423
51339
3396
81029
57214
256126
27
29899
3227
283860
55013
79469
29100
4547
4818
1173
677779
27319
345611
10063
339344
399512
124093
8000
9913
22827
643763
117145
80237
9984
100287227
254778
55275
84812
729440
89886
80233
201299
83903
10336
6786
79412
132160
4694
10293
11339
80152
6913
57834
3551
341346
56911
23125
594855
8858
7791
58473
8577
150353
124512
5546
222699
200058
254359
92659
84660
65263
91300
51291
55015
55503
91977
91461
116225
55718
114770
1175
5020
3169
6370
727896
375248
1513
3508
81572
80778
2916
146705
7408
1032
4731
93349
23650
3699
84316
150084
2014
5001
26575
7188
1311
9270
5202
23385
533
57522
149951
29796
785
79957
5883
4438
8537
146206
4904
815
55174
140809
254773
353116
158314
1479
388524
9744
3904
643
221545
50486
339230
27127
113178
57048
155
2907
116372
8683
200081
259295
29109
6533
401491
122416
9277
401052
9181
51069
3623
727956
80003
221883
8475
1415
55974
2491
10200
11338
79159
56983
9333
152100
4673
134187
4148
729877
345930
54020
24147
25970
79132
3310
9284
51135
9049
285331
1797
283870
6311
285368
23474
149428
84942
84173
54103
400322
57862
56943
84769
5923
9074
84789
10204
29110
3191
9659
7516
83955
751867
165
11273
56953
25907
6541
84557
54888
4703
26133
340665
196483
155061
79000
55240
79934
339761
11232
85407
6894
54964
3592
79990
10846
2067
57124
55199
9391
5753
84695
3265
9022
1844
404672
54957
767846
374659
339942
653404
56896
79143
148898
6152
6929
645843
7203
374491
3984
64388
3170
1937
10287
335
65999
1663
23399
5664
26292
10403
51246
93145
116039
648740
10350
153201
51079
148545
80198
10465
123591
57654
1056
121551
3626
3475
643641
79173
4751
81567
57558
7132
1769
5600
440087
200312
10078
78992
26502
126298
6427
284325
51236
80219
6294
199731
388662
8651
642826
126382
2648
6303
85414
10016
7546
114794
26472
100144603
123096
8339
83475
9052
1840
641977
136051
342035
57002
401588
51639
64062
5721
80896
597
10817
10010
64598
29935
59344
54815
12
57863
83460
8175
51226
55677
9837
6204
54820
8128
3581
9055
55593
94015
113622
10943
51016
8870
9777
340286
83855
89822
114897
283643
1534
2125
130497
692086
5414
143684
149134
56850
54915
25864
56339
10882
80895
79913
340508
389362
220064
51503
284403
26233
116986
148479
3200
5737
9940
3386
60437
55813
80864
4185
64410
541473
84464
8372
65009
283050
7746
83884
442308
80054
9914
23480
79035
9112
400709
55567
26232
266747
29108
27063
23616
51535
51073
201294
386593
161142
29920
84221
84895
4884
4326
55908
55274
5705
10906
80740
5834
23476
51257
85378
5771
55830
79008
116447
402569
51177
5499
1072
349114
81794
6150
389058
57125
5148
57035
5293
64788
348262
8438
8568
29080
2286
5055
57794
5688
64170
441666
246778
11014
147645
1876
54550
55056
333
90639
80212
80342
9263
4948
79740
83706
84967
6664
50854
2921
121952
6574
202181
399671
10849
11126
7162
441432
1854
84816
140885
11262
26088
9139
28956
440944
92737
10256
10092
84876
5476
56623
6628
11129
222901
56969
257203
100169750
10095
26082
239
140825
712
54751
7542
391
27327
57491
9941
8420
64960
513
5426
3790
902
146713
148229
91442
7086
747
140823
6940
6776
26548
79831
23281
85441
23562
155400
2736
220992
492303
96610
9918
55683
5447
283981
3640
2020
1267
2188
84893
166348
610
5441
3352
154197
4839
131076
5820
148137
100128553
9833
23082
159091
7030
83873
440278
5817
6464
100130771
4141
29087
51035
4353
5729
8557
55732
387264
4016
64766
56169
6713
90407
79621
5478
100129354
971
5122
606
57482
26003
433
79640
10980
81544
51234
81610
65123
677769
23630
91353
259296
84513
4830
254187
27300
3750
8856
650662
30000
6631
85437
5685
84650
10945
66000
339448
9824
5324
271
51093
29088
5368
1300
85366
143379
55740
5307
284739
55502
4355
23780
7355
10713
374907
50813
5047
6223
80326
1326
83443
134637
8655
4234
55888
149775
100132724
4494
4501
283663
5757
25906
79017
79948
119016
51506
128338
6846
199720
4060
54868
3743
5396
5176
2177
22913
10859
9253
285989
4801
6996
348938
80821
9533
374946
6504
4174
54935
728855
116444
440896
64377
51333
653145
10237
200316
80764
7869
26580
4778
255783
55337
650368
164656
5719
6941
79930
541471
1019
5008
51009
387273
54555
60598
112755
55521
51371
51560
26528
3182
158830
645323
65095
2305
54933
65109
387103
88
177
152007
83723
10445
65220
56097
54495
710
152816
4298
55023
81620
727897
7873
55959
658
7164
28511
53827
157753
98
1089
10094
374467
5437
23523
22924
91450
478
131873
80097
10873
80746
84865
56203
6352
5689
23207
375444
1727
285074
6217
3359
6613
162427
3633
3704
27286
2194
10481
65005
6718
1821
9184
4987
22870
30820
23460
1117
246176
9909
100130449
10059
10733
158160
10807
7161
9473
285386
112398
91149
1798
283131
6690
5902
56155
51330
128869
10067
169522
558
346528
283078
84667
163786
55658
7625
245
2029
56965
8406
129293
54898
6607
84335
56006
80119
51290
57030
1241
5157
1119
7423
332
26205
4323
994
7023
55150
386724
58496
146712
2787
2030
3013
8940
339674
8884
7011
25956
51372
2717
23421
51203
23526
10226
9275
401265
9142
23521
378805
5348
9013
80194
1763
4678
116028
647042
57403
653188
5831
51564
677766
4665
3219
90784
57718
6624
64005
93058
8345
53635
4862
9219
283551
53838
81566
645369
100144604
9687
10517
623
3775
4582
286103
201625
3934
5731
340393
255631
10135
7748
644890
2204
84444
432
1307
84330
340547
283970
83729
148170
91752
1622
129303
391123
5872
6230
119710
23275
387837
2187
54522
389384
1522
6553
9546
55184
51367
494143
8666
6753
55345
26471
25873
9632
92714
55011
152302
150350
84941
91289
344
127687
374654
64581
51168
51805
93034
550631
149345
3460
684
10556
27148
11335
5378
27000
100128191
25862
27090
83879
78996
9704
27189
25999
3455
3921
5554
140576
29115
80196
54432
56971
54968
3597
7347
128439
57332
360200
7353
90987
57819
116844
4046
64975
78987
5880
85449
128866
22985
10211
84229
1436
84246
51029
8363
1912
6510
1967
9757
304
8843
341
84808
326624
113174
389118
4350
10673
63977
1453
85480
26576
83605
389289
2796
26231
3882
4974
10498
79706
51127
29774
164668
84809
25940
646214
9904
6627
5657
11130
5832
54540
84542
10616
199675
165186
283011
100272147
29780
100126784
64518
128989
10296
10410
26256
56158
392
90187
152789
9382
4034
6773
8270
118672
6009
6340
51260
1445
631
1063
140739
30818
6508
6372
10985
9600
55815
202459
3589
158248
388796
5216
6602
79915
84223
25884
6263
10349
1340
90527
1690
170487
100131691
5555
55760
2706
23313
1588
81543
55743
90326
55093
2290
23152
440508
400508
4500
388951
3150
9949
5467
3007
54758
11182
2197
79716
284656
643719
64837
7469
57016
260294
84260
3229
55749
128229
4728
23601
220296
7569
55687
699
5502
55779
51192
10632
84300
147138
57701
118487
8521
729375
6010
79228
10155
9260
6338
65083
10567
3861
64061
7378
51593
81559
51154
27342
728264
169044
84619
2987
84922
6603
8038
88745
3821
146059
4140
833
90353
284083
8459
91734
84134
254122
3931
440603
89837
55656
23396
5267
57711
23397
144132
646762
2873
6323
1768
221496
388152
27287
22809
2885
6829
339524
2914
7553
5364
121268
2847
388228
9507
92856
339665
29127
7709
254268
124583
26330
100130776
1312
142684
55344
84276
729467
1123
10309
8894
171023
256356
57593
7138
1813
3767
6183
29801
93436
85013
89795
84445
22917
6205
9047
10793
8681
81501
3835
51275
4650
4696
8881
7272
10638
80728
8795
120227
9129
3981
25830
1616
1198
63875
9406
27128
57804
84447
10651
10563
7776
84298
51765
7064
10844
26958
284459
84071
91181
10245
1627
23185
4049
25989
7169
64761
6770
10024
3661
84304
6908
23604
3645
4752
644353
283922
146853
84299
51388
145773
6820
8726
3381
5423
131669
54541
85459
23163
26973
84264
9230
151648
81554
84296
79644
54903
83416
1564
64838
3065
170261
22823
81493
79585
646982
9978
140831
1801
9654
54867
85352
79719
2250
123904
345895
727936
166
3770
9092
5127
29924
317781
5957
23541
575
8379
23553
10068
286967
348654
84365
84460
163033
100128842
27295
56888
10308
100216001
6036
26013
642658
3297
396
126668
27074
125988
2923
3425
3897
84326
55321
55034
51747
133923
715
7425
57464
2302
340371
342977
4357
170622
338799
7593
9536
379
10169
93129
9066
1917
6157
84153
284948
10102
5682
1258
114984
57585
84689
8784
828
977
664618
10401
7306
441502
2202
196403
56616
4004
10962
89832
5330
155185
56683
29980
131601
53916
84649
84270
9319
10581
3431
4998
54507
79084
60680
50626
7058
64223
162966
114881
26000
1187
79092
2845
282997
6543
6237
3903
2696
554203
79180
10011
340198
9584
7015
27132
54920
64151
124222
2512
646471
4793
55509
221393
51529
200916
7857
29123
55872
649446
2304
100130932
29896
124817
1571
399473
91647
80019
152206
100192379
645
2590
57333
5989
150209
6585
4050
56992
56964
148046
100272216
5480
100036519
22992
387715
8530
5982
339145
8241
6274
8227
57507
89845
80758
256957
26276
152756
2550
85495
55621
56651
57060
825
8565
57175
5714
8532
51389
83743
25915
642475
201254
146547
28962
8908
3110
136853
4294
26151
440026
388931
11054
28960
11333
84266
29940
2912
58495
54896
55505
339366
5271
83933
170954
1401
619207
56834
6993
54221
51332
10847
735301
3614
55063
23101
10650
84077
161882
9447
6419
149499
7431
10436
51608
25764
79778
65012
280636
80761
257101
84771
54187
5730
25837
374977
339390
2207
133874
7634
80145
8550
57560
5352
57130
1470
58477
7454
1155
79172
7016
2057
1033
90522
26121
389458
7083
6354
284837
6991
9508
7447
79841
23026
1277
1506
84901
79750
26086
338707
1594
11072
653162
283416
55747
392509
1565
29015
114879
1278
10213
79768
550
51427
1874
401562
51555
285051
145200
729786
8811
79713
93622
3705
117155
146760
55239
10887
6999
64421
126299
2147
8672
9890
220
387509
7462
200232
408050
4117
8761
29887
79019
6100
80094
128414
440456
284338
64978
1113
314
5167
51491
991
9019
2100
81671
100133991
6094
339231
55208
9733
144455
11334
23649
135892
541578
967
92840
134121
2288
6748
4820
23350
283871
55889
333926
150365
200035
63893
344967
5354
677767
57143
128272
375
1039
4920
55248
6528
23643
114971
8527
8564
23564
11133
84706
89849
55876
129138
55194
55143
54328
5649
352909
79174
6898
8480
174
140290
131540
84319
26118
286076
90488
388115
646
135152
116540
2874
84993
283596
27112
51006
27092
56926
10434
8820
647087
1298
4849
891
642280
118932
80215
146225
22818
113179
9745
8847
50509
55359
402682
342897
90637
54625
9635
161753
57730
574029
57478
2999
55367
83871
4488
1017
283796
10371
84908
79856
26993
8317
3682
8755
84627
245711
64090
7784
147699
81926
4130
4521
1382
81576
50506
79630
10307
6001
6695
80759
7325
60673
9894
84978
8519
53836
51054
25794
51150
6176
401115
51501
283248
83707
79760
7051
65980
7380
54956
1462
2262
8273
8473
9498
8351
130557
11187
57194
100129482
146909
51524
9138
401563
388182
51686
113246
5770
6900
90990
64432
55061
374887
27033
722
1476
9232
51321
79969
51604
56061
5582
30851
7305
79581
90113
27434
79853
121006
84987
10469
84879
25790
5686
391037
3105
642976
83608
208
1345
29057
84561
26002
5700
55663
144501
388677
842
114880
5303
6404
8092
9697
4058
51690
4837
91574
8971
201283
151649
10093
1143
9127
10431
2071
6253
53
23144
29803
25789
5004
80709
84343
4495
85027
23234
84904
10342
56999
8767
100132287
388550
9088
23539
9274
585
6810
286046
653857
4439
79980
60528
79847
150678
503645
124773
2138
28981
124989
84678
326342
514
56895
259173
64785
164592
55165
116369
79001
7837
64118
51011
83890
84692
10468
2842
8338
6291
79676
1062
5054
11285
5496
7226
23403
54850
57673
3694
143570
8174
57136
284233
79776
28952
79949
84991
27037
2048
8986
65265
83444
374973
203522
58504
8675
899
51434
25894
92483
1015
25946
79684
80216
414061
343505
80714
51130
23613
4606
28991
375519
79609
23594
645687
441251
79081
10984
57095
286333
23770
215
91304
11186
594842
3706
155435
402176
503538
121643
390595
55247
276
80256
55350
9401
124925
2634
8099
3217
8872
127002
1176
23218
5355
164284
51176
7292
51659
7696
84057
113878
129563
10797
81930
84174
64433
79902
6888
388962
9701
1591
15
162073
80131
5790
54937
22820
128497
79992
2580
6447
9589
8624
80149
90780
100130557
6156
728642
51351
5045
342125
286122
144717
84002
790955
26251
153218
55138
85442
6432
29881
11177
79190
81557
6233
165679
26284
114990
136
54732
8714
51019
4194
6168
51586
5806
80835
3654
84856
51629
84722
10975
71
85395
25839
54973
8879
129831
871
100130958
100129726
22836
993
30833
990
350
836
5798
221120
3868
606724
124402
256536
80263
57542
645090
152877
54938
3020
80122
64745
252995
85451
148113
643210
79096
149473
55007
9997
8318
5971
6206
100130015
724102
400818
339123
148423
90381
5439
6799
2768
8906
4807
221091
7849
6136
4684
9905
81858
84793
286075
55731
203100
118421
6282
401541
10785
654346
58515
84164
83442
401505
25796
10781
1301
1440
79745
80324
7289
5865
23192
1869
55585
10056
493869
84433
645431
9739
4898
93010
388743
26585
4218
79852
3832
23557
56917
9921
1299
286006
6590
10482
55501
28974
54925
201266
93166
57106
5531
5713
8343
5387
1052
57535
100133612
58538
63933
54939
124602
147111
55069
5446
64320
64976
54814
83882
5413
199713
79626
346653
4010
5266
126792
27085
172
4891
339541
3956
9669
5577
90019
84798
2535
11194
780776
393
8106
3428
389903
26140
7391
118856
9134
84000
55299
4116
10362
199800
399909
10858
100288380
90850
983
5427
64222
860
8839
55379
51160
203562
284297
7280
3838
6279
8449
11097
7580
9541
339105
1716
1197
83463
1029
10400
641649
326343
26091
57864
55049
10878
113
3612
163933
339240
654320
284467
6790
51676
644591
84072
646024
195814
80183
22944
349196
54512
54443
85456
81629
55769
221188
57605
170302
6588
374819
4317
375190
256329
6636
58986
7136
55190
55215
440270
10561
441294
3718
220988
84313
283458
112616
10644
140766
26270
643837
6843
6051
1650
79828
442578
55634
81873
2118
340267
94059
5709
55057
284618
219995
10732
2919
4603
27301
1375
286151
23467
5224
8216
131408
11079
3822
55124
10109
283991
85329
6273
114780
8531
55311
147808
9435
4312
6096
92591
79005
79095
129531
285429
9048
100170841
51106
23246
7979
10970
54620
11224
10138
126133
84923
272
100271849
112495
94103
9700
78995
84232
84206
79587
637
23412
84975
8900
84815
79400
81691
80174
9945
94031
10509
400798
221927
57348
655
4914
5913
145389
54862
126119
701
57128
83716
1994
6791
10290
283208
89796
80851
2785
387893
390928
201292
55843
343
89781
5147
54991
51157
10775
7490
29107
83986
60314
56005
51188
8153
92579
340602
2395
114822
646851
1414
54429
