23547
92421
54665
92235
56135
57623
51313
185
55142
79809
728464
201931
4841
23092
57685
79731
166968
151295
64400
54873
338872
54812
158376
653333
2563
7881
9183
23169
9855
114876
79725
246184
96459
53354
84986
23491
9710
55622
64135
374879
115201
7019
4482
9653
25938
6345
7298
1829
84312
85460
64922
84133
348932
55832
22837
6540
2875
148362
79695
27109
54556
160418
2862
91703
92126
728939
140609
55006
3340
1003
2050
375449
6546
26515
54492
9337
8926
10014
126068
403
3291
84224
89970
54943
27229
25945
8436
92689
54583
999
284307
389337
375748
27336
6830
1398
54842
2776
2887
80010
144233
83939
1368
57659
7779
25831
148304
10194
85415
1983
26035
8445
9071
1121
29094
10075
100144748
57493
116441
762
7189
158326
1654
8814
23221
5189
51090
3047
9002
84962
29915
90826
79582
51084
64924
11041
51669
29766
4081
51305
11136
64215
9356
257177
116
2324
27233
10875
10277
150786
29934
79269
201562
23336
138199
10140
27330
55020
100133669
10949
375743
9771
9043
4660
5095
9063
3652
54682
55561
80315
80157
3373
11103
54810
1804
79665
3301
57580
55701
400713
55351
54825
10742
115509
728323
170506
64577
322
26505
9420
23379
83544
400961
5516
60526
9575
196
127247
90332
23499
114885
2166
26225
1636
55224
9581
1997
22876
4077
146330
54832
286102
221477
23395
541468
8326
10311
643314
201626
1384
3305
5825
10455
84271
23592
27151
23235
729920
8916
83259
2186
51057
5356
401409
79896
348093
64081
1656
125058
340527
84925
9075
23469
116159
147923
1737
26034
6887
957
23417
8844
9788
152098
9452
36
256643
1610
63915
5926
23291
646023
26051
80177
4780
124961
84253
64397
84230
8800
2157
9197
2205
56852
55346
151987
57609
83594
8824
22893
257019
223
8826
117583
642273
683
81579
8645
27249
5774
1958
79912
80114
317662
8447
10763
10527
5294
127700
8322
100129583
84803
222698
85461
153562
203238
8808
659
11278
1845
145165
286140
10291
4303
116068
4638
4090
730971
10564
10294
4774
401994
81846
4950
187
635
57161
79029
147686
79752
144108
399726
157378
10671
3192
55333
57544
83481
79799
10153
344892
57447
9615
55709
114131
5978
57515
9467
8412
1387
4719
10087
55565
29883
3231
8780
10404
3176
5824
346389
55893
26999
143872
3991
111
400258
1962
402377
55733
84142
81533
57153
153222
130
119032
845
901
57189
5094
23508
7871
1807
22862
2805
161725
23729
5283
9162
9679
64224
5576
7707
10840
9444
50862
54537
9673
147381
163259
5174
51426
27237
10982
378832
5420
5727
135250
30061
4750
51088
51108
388566
9113
10513
118980
2764
128854
55204
26065
158747
286319
81689
4299
64800
80833
53616
134288
10983
100130148
51808
56100
4352
5340
284309
55213
8766
51754
54858
64343
613212
2730
345274
138241
3730
5311
10687
23171
27241
80208
25925
80762
55751
10418
7957
7923
157285
10628
114883
5333
6990
138065
122830
6500
55676
10367
55860
10647
22911
10150
408
57680
5108
4649
79633
6988
54532
5468
54886
26130
9440
24138
729830
90317
23462
121601
54472
57546
55244
79611
9099
80111
51115
126375
79762
93134
85450
9445
23143
203286
23177
81889
2444
60560
84913
445577
3158
51429
10111
79056
113510
653653
389072
22824
10787
6498
83942
83660
3188
10594
64902
9173
374928
196549
1364
388595
498
1741
55706
143162
57107
7693
5870
100128927
10289
57594
55277
6330
388389
5028
9693
9990
153443
64288
221184
178
51566
23059
2982
256949
149466
94122
900
55610
259282
2713
51031
11148
6397
11101
9750
100131193
152273
6093
23233
114792
54861
79631
79794
55109
1729
8434
7179
1389
10117
339500
33
64123
650
11252
55788
1979
116966
286676
7982
199692
253635
93621
23548
253832
81627
100130238
55812
84926
54704
51449
285605
55450
4091
6582
23248
84457
1781
692094
6792
4799
134265
9747
9374
55640
54467
11001
256435
55855
729020
9767
5587
10175
152006
6652
64145
55871
9692
51292
342926
285282
55753
23522
54529
2059
51510
27252
1787
57551
2034
10566
4947
10286
3092
6935
5509
84838
139189
23394
10165
374900
79754
928
688
8825
145482
291
7565
26043
202151
8989
374354
25928
92255
90843
10207
6751
197131
1955
256309
10927
80017
25992
152519
55752
30837
127262
7048
59277
64327
55659
60493
57599
400720
1576
284
94239
9886
2176
151258
123811
11098
23576
5746
2
6563
79843
192668
3782
151963
7130
54852
7572
23091
8204
1495
222553
64284
5105
100130311
7364
199870
375057
8446
55972
4089
9865
28512
84896
5000
84083
57539
5214
51247
56242
8846
23014
122786
79739
4361
84968
348110
112840
10128
84640
93380
64376
34
389432
4179
6299
2782
23019
7541
64710
84938
80150
4790
2222
2710
404201
83987
353189
10771
339745
9321
781
100129034
3547
2140
64321
10424
163050
23266
54438
57554
351
55504
126669
221079
80034
7733
26009
282809
147947
3157
2565
55227
83448
55664
2282
127396
285237
253782
100128640
84458
10137
85458
114801
170392
127544
157310
5155
729438
284422
64750
364
151
54585
441027
9457
117177
51104
65084
113201
51302
285598
387628
8321
54993
26269
84750
25901
6927
388
664
81542
1901
11099
5878
166785
27294
51111
81545
154661
1203
9329
6446
9306
546
375298
389434
143884
54207
5899
6146
83752
257218
162963
2246
100132341
1629
50846
9807
59339
10786
81575
5537
79018
55231
80823
26524
6505
57092
10114
23411
81537
117154
3248
10741
54629
3032
375612
91050
57205
2969
6091
81839
38
23074
11214
7071
22
55028
79908
23283
79814
1602
401145
8504
81786
8692
259230
286262
57692
116835
126282
10266
776
388335
374655
51309
150737
55552
5169
3815
374618
153241
2889
79755
23008
9611
23195
152503
129530
84872
9846
5813
9765
85379
55327
23047
5244
26994
10206
133688
90233
255403
64121
55304
23097
122961
210
114821
79658
3643
55746
56990
8021
56606
6915
56605
1359
7270
25890
153768
9240
54497
8027
51322
7743
126695
5097
23552
123355
22869
9317
5909
157567
91137
53344
2804
6583
399948
23678
79746
92292
57536
28973
9942
83860
4285
81790
387751
6514
8706
248
427
9731
54511
64795
57498
229
642
1112
79882
84708
285987
145483
114800
9648
10735
10766
55014
2967
954
6414
9943
84342
83872
8528
387032
400793
55342
65124
8462
3895
26040
3613
148808
55148
55862
284391
4437
9397
149420
79906
151230
89874
4919
3234
200734
92017
84197
10723
4026
9479
7402
55172
28959
3043
7716
324
124540
25813
619279
84100
84852
63932
255031
83715
8790
166929
6561
8886
23013
4163
7027
49854
340156
5728
6560
253512
2747
23089
54508
1528
57480
9831
79673
144811
165918
55924
51678
51122
200205
642987
167691
57530
28996
6873
9882
195828
221178
154796
23365
414235
23122
57820
55334
214
9836
55586
79956
5797
5586
5138
5648
3772
3664
57210
79891
79048
3680
9525
115817
147991
157313
23637
7068
27253
285440
90624
2309
23250
4850
55296
53371
5860
57630
81488
55217
199920
29126
120071
55175
201161
10449
2043
5125
862
65065
4048
23158
253943
9175
26960
8303
84919
50628
4842
91746
90485
7803
4976
5594
23765
5876
6670
4883
5563
374986
283554
219527
23065
64693
22982
93649
6342
84267
168850
23335
55066
1393
283742
819
54542
3326
6668
54808
54463
135932
27013
10243
26019
64839
4087
79443
221584
120863
64798
646999
549
9027
57062
10203
54107
2241
6920
84570
1012
221395
80006
653308
10994
1477
5336
55197
57695
55602
28986
5799
9867
11318
84437
4690
5611
80736
23389
90139
5274
79618
57574
29118
57670
141
3480
288
27125
738
116254
23582
10026
60485
6095
7082
91664
48
4975
607
170384
57456
80155
22918
2170
253430
51528
283375
6731
79694
23032
22977
5783
7789
760
340542
4601
7078
5007
5017
64168
5787
57684
163049
54922
159686
147948
7010
27165
51138
1593
8723
9946
89870
8976
221037
159963
8496
2218
10625
148268
64786
79836
55699
10420
10944
169611
94
140461
23341
55870
166336
7508
5289
1374
5980
54800
54664
284716
51780
3728
11043
3953
79634
51397
652
90134
9559
22987
23512
138474
59338
643853
491
23172
220972
8556
1975
1730
51471
10618
79085
51062
7014
30811
5239
10249
3795
53345
121256
374899
55364
197407
127733
9753
158584
4329
316
947
55966
55614
3131
26190
7754
56271
492311
286749
554
51306
92806
84909
9392
81619
79898
284697
115265
117157
123169
8613
23174
54453
55711
3084
23285
54828
54414
80816
79962
340024
401898
2844
114882
200931
341640
913
6038
126017
51531
1027
1676
2538
56254
7039
81577
10565
1259
2235
79818
154865
5733
55366
84159
9878
93973
9135
9070
3685
9722
5915
5562
157638
123228
2009
116931
22883
57669
3778
54662
64425
8464
392255
152641
92104
59341
3033
57146
3977
9289
9185
2004
256006
6531
4888
220388
134147
10497
439965
54989
9848
115
22926
10451
27242
7429
148254
19
85457
7257
4008
220869
10841
441046
9169
8829
202333
134553
55225
58508
55793
3127
51735
23085
7903
23161
54471
257629
3422
121274
10106
23054
414
29116
54557
84498
100128977
1896
64324
8574
80310
54622
22797
84327
353088
145837
7290
254827
23303
2117
2327
54439
201232
368
6392
54545
5168
7025
10000
55286
23588
1519
116064
65080
57393
84765
8123
8801
64342
5911
1408
55001
389941
132671
91750
5885
120534
10461
84311
56987
11051
6869
54882
1040
3673
8760
5595
254225
155368
653501
59272
3339
81704
687
25799
6296
1355
10085
28984
9630
670
8803
91369
8476
9778
79623
262
25778
23037
23239
196074
91452
29979
55601
2549
10529
117153
151195
5827
51348
358
79594
4893
2257
6196
540
125206
6401
29767
1660
285671
554251
54764
10558
7633
56101
4843
4628
64802
23063
146223
11162
1776
7385
8763
388011
23186
3791
6729
55727
2531
57484
64328
100093630
55654
7567
2731
84172
139221
312
10395
9698
1740
84217
10657
1071
23043
55825
11185
4236
51463
23492
79648
1131
84945
47
80829
114781
124936
55258
5019
2651
387890
84181
84079
5166
23368
9530
84061
2767
54538
642597
2829
65056
9925
4093
57533
30844
6405
2065
9646
463
283459
55534
150538
137886
113612
64395
134728
84417
27042
163882
2110
56204
91445
51347
10746
90102
10210
8455
10678
9373
606495
8850
3899
93664
84247
23191
132430
23075
9966
57606
1743
23321
9743
23024
63939
9804
54765
4189
284406
84162
135112
2934
8243
1266
23263
130074
27285
22868
9527
4978
8671
55449
22841
118987
26275
5053
10107
4781
11342
256471
146845
10664
11080
286530
26146
23116
125228
23011
220963
7771
50999
2326
9365
3190
4128
54805
4507
148266
65055
4155
1102
55347
10499
51101
84064
53405
92370
223117
153579
29083
57556
55133
5494
80319
23767
29761
84502
199857
8417
1816
283238
405
9390
5592
127069
54826
8503
338645
55147
7844
3454
1429
79026
79009
92400
161502
221416
23301
4712
54534
79659
4734
8722
23484
196475
9462
8555
55234
113235
51474
27329
140775
84455
90411
153328
127707
5184
5051
1233
8100
153642
23327
23446
51163
9475
6867
5929
55914
254013
55783
51360
283635
595
10656
196264
54893
113277
79635
79807
83604
9738
5465
653
6523
1579
157983
1286
1499
25782
8395
4076
202052
9217
123
25912
23020
143187
140706
9639
27324
2947
27154
54881
22853
146894
56139
388336
57677
30832
847
56267
57325
139735
196383
7528
2746
79815
152485
10988
64219
474344
7398
4585
22875
8836
79864
92359
79981
79971
10827
155382
340595
283651
55070
3155
26153
84239
523
10913
6575
79917
26053
399668
161003
51439
1002
5747
84328
55435
114987
55295
27283
740
57545
55526
22930
83693
94081
29068
8738
4254
10154
25937
22858
8309
9590
55183
114609
7458
90952
23264
599
9650
378708
345079
9371
51194
79991
5583
10905
151011
55212
55808
10788
10098
102
93432
9578
81617
79674
57526
222068
91875
92
51077
30849
54602
80110
87769
3064
9658
80055
93
23731
158135
9414
26523
8725
58499
54885
127933
7092
122970
7766
55030
158471
27303
2581
151393
92162
284486
440854
10318
80014
8065
160851
59343
344148
4552
9476
145567
7592
8495
26056
147949
283987
6555
7067
63898
56107
11216
90589
81848
54762
1793
4351
320
5500
538
132321
5049
118
5884
79137
81932
23242
158046
2913
80224
3570
4238
219333
51319
57528
401190
23607
114928
55650
79777
7259
11217
81578
6019
222696
317649
23078
5291
596
79862
83737
59350
59353
60496
54880
340485
5903
112574
373
9782
10524
342527
122773
66008
128486
3655
161357
4594
6309
167465
6367
4249
57496
5137
401548
5573
6197
5334
9690
414152
9338
23331
84263
121227
55879
83744
2039
7855
23201
25962
4863
5357
22998
9372
3988
9580
7782
9122
6571
161176
28
6097
10730
100302401
9829
10129
8547
29119
8731
149371
388387
8797
5625
26273
9879
9154
114915
3133
266655
8539
8224
152518
8693
116228
10179
27145
154810
56252
284273
5469
6578
3174
1500
1353
26953
23473
8848
6671
2239
152687
23256
85365
23498
779
10217
260425
5801
388364
90649
57721
169693
157922
4041
283578
108
343990
4773
10526
3295
63923
91661
57563
5290
161394
55623
100131211
285600
4133
1800
143879
27236
160335
9079
11336
166824
9351
151742
56256
130013
29880
10370
59084
10163
634
644596
5362
8835
10257
767
8648
361
151162
23228
11258
25929
51274
100126791
387597
64499
54970
163051
64762
6256
23741
9683
155006
339965
50
9107
414318
493856
253738
100130733
54502
2957
79812
1317
83548
122481
5934
22954
84936
200576
84837
222166
22894
2308
11160
2788
10670
51382
51763
388536
11057
5638
2665
94134
283933
26959
357
5071
256764
25923
54954
56894
1511
8540
83856
246269
10352
83479
27115
55745
29035
10193
57619
2150
79178
157657
2517
51362
54756
5066
4775
389293
56898
6801
100101490
130916
79817
9619
9037
126969
195827
9478
1778
2104
3672
55975
5793
9939
222194
11076
25836
79979
440073
1073
10590
79973
2690
51594
124359
744
391634
27032
26025
9472
1551
27012
23456
84747
10845
729
153090
26224
387923
85463
9375
160760
51174
84976
1956
51621
7095
79699
7525
3957
23348
220441
728635
91862
29953
84127
219972
3762
28970
9728
83989
53826
84068
146456
966
2310
4204
161823
23081
152579
10252
1808
57534
25805
203111
8444
8202
51170
23338
1948
338323
2585
23216
84881
9827
80205
197257
53918
255743
9369
140462
11069
63895
8467
93474
30836
493911
25840
9652
80856
685
1030
127253
25973
5372
220429
2551
217
10380
11102
8864
387700
127294
147660
665
196951
79872
2203
83888
10640
56927
57587
84144
158067
83699
388965
9779
8029
392465
5599
1014
116224
79944
158219
55032
345462
593
51562
130507
5229
25793
28999
3320
55349
283392
26058
27244
6497
55276
11181
9937
221294
317762
5471
60592
9053
3843
4967
6297
5178
6809
79753
1642
140735
26240
80737
26235
135114
56113
79685
79613
4982
54902
5313
494115
7812
5213
6767
753
54101
1653
57181
1907
443
5981
27069
9665
5939
5564
23493
11143
51375
8939
55325
8935
10083
2135
8821
166379
84707
9376
284541
7337
124491
80264
54981
4137
7773
57448
9749
10427
55833
7102
27202
23387
5972
339324
80207
8404
7430
56245
57188
55667
64087
6654
23219
161742
6642
6569
11019
23105
119467
582
84871
139170
440695
1738
9172
79858
8611
7840
55892
173
8999
117248
140738
10396
137970
79624
8165
221301
7678
23358
7738
65018
5430
163059
9685
2908
100131897
91894
55917
4297
340481
57733
9380
54921
10929
1601
80314
58528
23197
10419
255027
5814
7323
8554
5170
80824
6092
85440
6643
5305
4921
10795
9724
80108
55737
5432
4124
6016
58493
80311
51091
283349
80036
80351
1295
3156
51652
23279
7320
53841
9213
388507
3344
29958
79598
80303
5164
284323
197320
266722
202018
8697
157680
55312
285267
260293
55089
441032
11244
2679
285382
26
2523
9716
5581
23314
729993
10205
23345
10009
155038
205717
654
4144
161424
10924
30845
2137
64805
11154
23132
6519
6744
55140
55145
27304
10238
4360
137797
1316
9640
26037
220213
553
1910
132851
51663
53349
80731
57406
160518
158572
647979
286101
55508
10972
53944
9761
283431
92181
2701
412
347051
55425
7644
10017
125919
10241
5257
129684
26610
11082
79966
8036
54790
3476
10928
128344
79810
27328
10314
204801
120
401993
84726
25942
23384
55629
6492
54491
23586
830
338328
6619
998
1628
26137
54088
3658
64645
22928
6376
987
54823
3482
125893
129285
83452
144321
283106
254173
4648
367
261729
56134
11215
57520
51567
1182
81856
3913
81693
63982
8228
55937
23229
56957
5538
84912
2926
11212
10050
151525
221092
84193
23392
5318
11168
158158
372
54836
669
93487
124637
201456
84317
148823
2330
10749
8328
7172
7175
51294
84656
284348
411
170690
11276
641367
154
196740
51552
115677
85476
7098
64844
9258
4646
27004
168507
26092
399823
121599
54874
23530
2053
160728
1376
83483
51301
359948
132949
221122
26762
3172
84920
2936
9318
23179
254428
252884
394
196047
2072
27130
22990
10142
84236
387849
2180
627
55728
5962
4634
134285
377841
84671
130367
161198
4613
4205
54462
64097
23269
2935
1310
10579
79958
51185
79666
11037
59348
26050
60506
79786
5887
342371
79819
168451
10239
6856
55734
6884
84333
2852
7691
8502
6595
51733
63917
57088
54558
5523
79571
4214
7596
2064
9991
552
134829
22931
92304
27430
904
252983
1510
105
90874
4520
9895
55251
7079
51768
55553
79993
57213
1848
246175
1154
389856
57343
23344
54778
723809
57710
84944
10276
84916
3233
127428
10767
5784
25996
25932
63035
3716
5601
10274
1803
9517
23051
6443
92241
7695
153743
1644
54737
55729
9429
57509
123264
8736
129049
23304
1612
5218
57132
79088
6329
10826
23237
1657
22927
7704
92092
1645
2028
114134
79785
200895
10268
84190
4306
84749
54878
9792
54996
222484
143
3773
2018
147179
79072
55717
8548
91768
55206
374383
50484
84293
23042
10020
23001
6814
23633
22899
3760
55867
120892
139065
143425
83539
58480
100131814
55631
2587
8915
54994
1595
79632
5048
54914
79066
55748
7123
286451
2729
8452
6711
10818
133619
8972
10955
375035
286144
9522
23506
29974
128218
10800
91526
22878
221981
9802
153364
7582
5082
8493
57511
55088
5193
2098
1184
25924
10681
10299
23111
79784
27333
10667
23077
285768
5286
10426
221035
56906
57458
256051
780
6594
5205
23326
3845
55187
84056
26122
23245
10765
56916
113828
23424
163859
9014
11123
64112
23002
283971
4040
4129
23294
9666
144193
221154
10082
163590
2321
3993
151449
84129
9325
92285
7225
201973
285513
285343
56034
6934
2036
801
284441
387680
8424
2354
10365
1832
57462
91612
171389
10246
9320
91653
395
66036
92345
57037
64283
139322
79664
9188
51125
57643
7798
1386
8945
9813
55259
164091
1993
57179
26751
162962
5431
158293
26057
79783
1615
9956
2121
10569
65983
10885
9908
130535
54521
63971
10773
26060
4983
79840
375307
27246
58494
55958
6653
64759
128
57223
23052
84441
283489
6906
2334
255520
23200
9342
63894
23007
50640
54769
55246
1639
122011
84109
10776
643236
57463
57513
4724
64398
1906
56159
57600
23262
51100
58476
120329
5786
3096
79758
10490
6948
64651
57118
79707
134864
79822
79646
7450
23376
2742
686
5455
5966
81602
51
79982
51023
224
158880
84614
130132
553137
7275
63951
60684
2705
56946
222658
8863
290
9101
56262
6568
4300
84720
341676
2113
9843
285527
9252
23544
573
9528
51377
58500
493812
55252
8516
5925
55195
57186
1665
154743
6750
79041
23517
3707
6907
27072
139596
63926
10260
23095
55298
5264
122953
673
7368
2944
9628
5663
9766
84832
9223
8661
27284
5745
8895
6655
8470
4522
10592
205
84301
285172
116987
124751
23328
134111
6558
57716
5314
387640
5991
3434
9748
80854
23430
7561
23236
8720
11198
8649
1965
7099
79789
6304
84804
2909
54468
80344
9703
80789
2040
168448
55605
117854
84078
2562
4534
821
253959
9786
23677
2525
29957
10040
5087
79577
528
9501
83478
55970
79803
2628
89890
23443
54741
132660
27297
7008
8853
57185
788
55837
51232
91404
1524
142891
401152
4524
100132707
6777
2217
283129
9709
9969
22835
57662
26234
526
256302
57486
22938
4739
5924
51008
6844
340562
100128327
57020
25898
23064
8291
256987
23787
5422
9126
10269
84869
11235
23196
8898
8031
10939
18
25978
8615
64396
63976
55219
10842
10253
199704
143098
4023
55814
10463
57713
501
54793
157506
79614
10116
2224
51179
441549
4286
360023
25888
9379
416
1488
163
57502
11104
79363
26207
5780
2005
4645
1385
64784
552889
80255
286343
57541
158866
159013
2993
169792
4782
85358
348174
84866
25853
666
55787
8650
10864
2033
7539
7049
10254
9732
445328
386617
55181
50650
8925
5295
286410
9362
57514
55218
3382
51773
3274
123041
9128
55293
3714
4012
1147
10934
84059
84514
6709
144100
2078
339221
23466
64116
130940
23173
9651
6886
51014
1215
11170
8526
4036
8924
7994
116085
23673
51496
84867
10231
1109
404093
10891
344595
2528
9702
89953
6383
2697
55279
107
6470
57604
26149
11059
5191
65986
7145
80144
7001
223082
114926
51068
2678
50614
146183
89122
84709
26128
158586
23270
56670
9857
8508
56920
115548
23165
55216
49855
3983
55326
9341
7003
22903
56121
254065
1620
3572
55672
5106
91833
5896
51542
9314
158405
5243
79652
84950
346157
497190
55540
375287
162239
728024
2702
730094
1428
55151
83857
64429
140460
284439
51705
54884
1783
26503
23150
126070
5796
57477
81555
65251
84302
11238
9412
7484
10668
57472
4756
255394
4253
182
26996
222236
164
57570
56624
79672
158399
7552
8609
22941
22949
139324
23554
9754
57003
7768
55628
133686
55823
51361
