645851
1463
440253
124739
80326
126295
80129
10991
2532
164668
9306
389434
283897
152992
338645
914
574028
3913
356
9187
79018
283663
6778
53354
23491
90110
50852
55122
10663
5327
9840
55107
6345
54149
864
440275
2330
10609
2317
2999
57649
9487
22836
8320
8788
54893
11276
350
158055
388335
338
27097
10174
387357
445347
999
55930
1621
23168
27130
10206
22834
11151
57659
100130522
66002
100144748
6504
3698
4838
146562
57282
79958
51185
8545
280
10507
158248
3483
5887
29909
168537
11095
29125
84333
23324
392307
51733
93624
2324
8309
6514
65988
9044
54822
23142
399959
100133669
8777
55423
140876
10788
84527
3078
79844
148808
8707
51206
56160
54841
5588
10166
11261
321
729230
7059
4818
90332
89978
5732
6328
7589
253512
5728
2185
9617
116986
6329
8287
2534
9940
4233
23235
399665
10268
63898
81793
54762
10911
124857
478
9836
80864
4185
5138
5648
4218
88455
79037
10974
339483
79927
26034
89927
8530
100128573
221468
6786
115817
9452
222696
83884
23078
339318
147138
83737
26261
646023
388585
163782
9254
7123
283687
283507
54877
7498
100128782
80177
728989
338821
93653
6368
84253
266747
5387
27240
862
57666
1577
79442
90507
79661
2039
6718
4018
8284
10320
6943
1269
5774
317662
100129583
26112
159296
11223
148811
114043
29119
93649
1004
115352
6693
1559
22909
10599
4892
388886
284273
79370
114770
387775
3712
6578
1757
283131
8807
285830
9666
144193
79842
926
7915
8776
6580
57447
3931
3702
284729
4063
91653
2886
4714
4731
200539
5151
79664
9079
401124
392862
2332
8835
860
114757
114789
196513
27239
83852
130535
10559
619207
3481
80333
100130733
140828
414332
343521
1317
10782
2841
100233209
25822
374403
7109
9946
8705
1236
115362
202243
5146
3709
9744
643
84109
54954
118980
90246
54838
56894
83690
29947
51085
149643
5519
2155
51380
931
124989
921
6665
51754
10878
84101
120329
80342
119369
25956
27334
923
92154
225
158584
199786
7471
26191
81602
378805
645832
84958
84909
4068
9101
64240
79612
266629
84622
727956
3053
201229
81629
343413
2840
221188
2538
25802
93210
1259
9728
460
128611
55270
11013
3158
79056
9223
441294
197358
814
117166
8470
2823
197135
23030
83696
130162
136227
25970
5514
79854
440023
401612
9284
9404
239
23550
1373
100188949
641522
256949
83440
81614
4008
6775
7099
54799
26084
196951
284029
57224
9667
9962
53938
63826
22864
201651
9834
54708
54961
64595
7535
375056
283970
9746
80310
55291
6777
26234
256302
254827
368
442720
27079
257044
54067
26235
146760
170960
23562
7060
345275
10077
55300
1408
9068
64129
80063
90634
11221
284312
51440
8821
221400
10235
1652
169436
919
402176
148156
81894
4645
23015
28984
30009
113189
149685
925
201895
10125
1557
440465
10864
6642
489
7699
9172
5295
26073
64816
84432
10666
173
81556
158234
1776
9922
11259
219347
3791
55889
55520
148103
29034
64919
1306
6247
677767
7473
389114
23339
26268
54847
84867
5914
64241
10891
114836
728130
55679
55512
133418
54538
51091
2022
6605
122664
29958
677769
149628
338321
7433
202018
7448
10896
55827
254187
404220
84417
3812
64376
55089
56204
93986
49855
155038
335
53347
84102
5365
6529
140290
1234
84663
57658
10350
54084
100129034
342125
755
23263
3932
2833
5833
3137
3003
140460
916
7626
222659
51705
4255
100037417
5796
5053
10225
57477
8658
920
3626
170392
9214
50651
165631
113791
22941
9568
100130093
4621
1101
339327
22914
55821
