664
51614
54732
5047
9361
10572
27294
10533
114088
83443
8655
4234
6280
3159
79669
51692
79879
401207
29923
9741
54997
25940
23193
388662
84617
57561
56957
5538
246184
51058
3840
4595
54470
692099
5091
54952
80117
2069
55700
6696
129831
7546
5898
128338
55319
100144603
100133234
6540
7031
199675
78998
112597
54577
26872
28976
2023
55783
3866
283635
5451
51142
51537
5315
9557
6635
392
6622
3052
342035
2617
8862
10568
7784
24140
26135
348825
8407
4259
117246
2258
56993
2878
10728
389337
7324
284207
129530
3074
6629
9238
2275
159195
283209
26175
84085
137682
9071
387338
682
154790
65108
23138
728855
80328
84792
3796
4585
60673
11113
10827
153768
3751
90196
777
9240
340152
3550
114793
56704
81542
79863
85462
221424
5097
97
9553
51054
64834
55076
9317
112812
6865
10622
25884
7529
27283
55002
199745
54798
83734
79039
134510
8907
4254
83860
402055
51715
10902
5690
6421
94015
7444
8601
148753
51155
10149
65980
124222
2355
654434
5877
3939
4293
378
23313
1588
81035
51194
55226
4968
81929
9637
55212
56288
226
53833
10392
723809
55521
387032
26074
5901
7332
51602
3182
51493
51121
7317
55351
54926
10785
65109
471
4683
3234
6916
3929
9688
10890
55573
9949
127534
5693
6443
25813
8790
4635
1611
118433
55131
80324
84725
3304
8534
8189
6585
7164
4552
55924
115098
5366
25824
117178
3386
79983
8663
256281
4363
10056
117145
57016
90249
4898
158696
1802
10981
5500
51172
8996
5706
1641
11015
126789
26229
6556
22826
23601
79852
54626
27341
51649
55687
6281
1737
23682
51192
112858
84733
55139
25790
23480
23023
27075
10557
55568
338699
5686
79035
373
3312
8754
5818
586
375035
8076
54578
1838
122945
2707
100133612
2597
11096
11332
1946
388121
10626
150353
10808
5792
59335
10717
4319
84988
7378
79759
4097
23704
4359
353
114787
9829
8565
29082
10437
7436
5714
112950
85477
57405
100302736
10598
10961
8038
8942
26071
5228
22885
1767
266971
3956
9669
8614
56916
84798
113444
401397
115908
5902
128869
5917
51300
2879
7371
10399
833
255352
114784
5163
432369
10326
100288778
95681
55969
91272
90226
5349
54509
10631
25903
506
286467
10431
8277
55299
388730
2810
60682
9242
55100
1072
646762
5256
2130
8662
92749
3480
10201
91408
389
23481
57159
241
133522
8767
7407
7167
10630
255057
822
282974
4904
6993
50862
51645
332
84830
1138
3838
994
219541
340206
81490
283777
3614
386724
112970
127703
11077
1810
255520
3187
64417
5688
53917
4720
51657
6897
85452
2665
2745
6374
54865
56063
302
2107
2764
147645
339230
2787
133957
84844
9559
55267
142684
54962
135398
6301
93426
51100
8226
22948
56895
26520
29942
401647
84626
9933
84771
6664
7184
1075
285
90355
10313
29927
8894
54936
22839
81539
55860
10605
5621
27095
79989
11026
57664
26353
8520
7818
9532
2827
6499
10450
80145
4062
169200
997
57461
124220
9875
84790
84816
147495
147015
3267
10487
22800
140885
6513
8563
54106
790
11253
5496
9542
7222
8892
201798
79022
4358
10200
3694
5329
152579
92737
10466
8444
2115
28952
2171
84983
3685
7268
90522
90557
5230
23433
4862
253152
84929
84881
10570
441282
10053
4038
7372
8813
54978
6531
55706
54716
84740
10095
29889
10289
112616
22993
27131
55845
1041
1434
1965
10130
255631
441212
91544
9169
4013
54468
10920
25879
55632
3054
91283
11092
158067
4102
26011
5210
148418
8029
63914
81789
3236
84298
79838
400931
389336
3320
65008
91404
140707
404550
8487
729678
23657
84071
3854
51520
2348
643387
65080
134957
308
10283
57181
84520
83959
27339
1410
5707
8898
23590
2857
2919
2056
57007
143098
55003
8761
9419
55721
5425
27301
79888
5587
2817
1211
29775
100125556
55353
494143
389203
51388
50940
4137
3313
11104
51001
1113
3381
79932
441394
5441
64175
3235
27440
991
54584
4199
6273
10652
262
78990
348793
51010
26973
466
10001
4321
10459
10007
55247
57476
387885
51184
4869
4312
65991
10969
80727
84871
11335
79644
55179
27347
967
91368
4141
9095
27090
3576
55199
64946
83941
23246
51118
9776
11222
151507
1478
8995
51026
91687
55287
121441
768
8878
1601
339535
64766
28985
6474
529
57019
4036
6643
54432
112495
3601
28231
113878
5478
79143
9670
55257
55695
5036
50939
9923
23212
6888
25842
55248
4953
341056
94031
7293
3925
123775
400506
5214
965
112399
79712
3755
6747
6812
51253
7203
10551
79739
11133
55646
79651
2280
284695
10435
22803
2679
483
55143
26
5871
6396
729993
151354
79709
1945
84418
27295
204
85437
9521
9202
284942
54498
84246
10528
11237
79954
317671
6611
55652
80723
23560
79369
128240
10575
8243
6036
84516
10465
57222
9123
123591
644936
53340
1951
1875
115811
441054
63924
92181
56829
219699
8073
4733
55017
23170
2906
6708
81555
127544
388955
56913
85366
10164
2865
54853
128344
10799
204801
5740
54946
79177
830
51101
23381
1977
