9534
10991
400673
23098
64400
23383
126
79364
151174
5875
56674
200172
5158
7562
23491
64689
10406
4482
9840
6509
285419
80313
653390
64922
92973
84133
165186
54556
6565
128989
26515
57404
284040
55599
53829
11188
126068
54681
54943
84954
84148
135
23563
153657
57659
9016
27034
80199
762
23221
11094
340152
158248
29915
645528
51084
51669
84223
5443
374739
124460
284593
116
57690
10875
79616
9771
387496
9063
59307
2021
378108
79641
326
7940
400961
9026
130951
2166
63027
53346
9617
25930
348094
27151
23648
5341
5891
126661
654790
9985
1877
27098
55904
51385
9075
7569
79037
55128
83887
57459
84215
641298
644809
256643
147138
284340
7125
9450
124961
6327
122525
2205
6338
399670
8233
22893
3029
57571
115948
58492
170463
57184
128637
8405
100129583
85461
9249
8930
115352
57497
116988
147685
3712
126074
57161
196743
2879
3394
146722
221935
6539
91689
51147
317761
79825
57653
6429
55565
51175
10404
347688
83849
27287
283592
150356
9679
9936
284749
285755
5364
5067
55756
2841
81847
5252
440193
388228
972
4033
55118
401720
146395
55831
283152
64800
945
51754
84276
54858
644172
10687
51310
10444
23171
169270
120376
7923
5333
2052
348840
4302
144571
90668
784
3767
6988
23038
79663
201229
55244
56904
138724
8681
23177
51384
284485
7318
3158
23433
389072
94086
493753
130162
143162
9091
83694
4118
57594
9489
100188949
641522
149466
80742
27128
782
57827
55036
116349
152330
114792
51761
100128822
79368
9762
3598
7535
9885
140699
26958
91181
56341
149620
4049
25989
55812
345275
84329
10077
347454
6770
84532
51585
22859
29066
23604
55282
644353
84952
8501
146853
10235
84309
64145
4701
2268
59342
100134869
1787
5032
951
1718
653687
401172
6532
64921
928
387707
6439
56956
83697
7799
9256
7629
113451
283070
57198
6833
60493
1576
79585
643338
60401
10224
100303728
10868
7221
1548
3737
6563
150147
80209
8994
284756
100130311
166
375316
199870
1060
57501
375057
8506
6252
222865
28512
4901
575
285533
56242
286336
220929
728621
7802
64376
84460
3122
115350
9583
57597
953
53358
340205
23274
340390
353189
10771
57658
21
163050
25966
114815
55504
3617
388512
400073
4942
9363
55664
126668
100133205
100128640
10966
375346
889
139716
359821
1101
400224
5579
333929
914
23504
10936
56890
114984
84689
170082
84467
7306
3059
1153
25812
91050
7571
388815
4669
6326
57692
158801
4713
64130
144110
338657
374655
3815
445347
129080
2681
84872
114614
153572
387914
140947
210
51295
58513
374969
962
1187
56605
25890
90196
202559
10411
3483
2356
23552
5909
200010
90576
50937
64174
83850
29062
399948
392307
57536
757
10120
284276
79230
387751
2676
5900
2272
169355
57468
162
83692
200942
387032
100129842
8707
149420
50618
9479
28959
80019
493754
619279
83715
389197
80325
150209
11251
653677
6585
338440
695
6257
284359
80125
29919
124857
91120
138428
94160
23175
9463
132160
11027
8498
2353
100128782
728989
94101
440461
199920
54883
23125
120071
55175
57666
83759
8858
8303
55613
58473
6904
930
57060
5876
145624
79156
345222
65975
51411
825
57474
80231
51291
57119
147463
11264
161247
7761
79443
2916
79603
221395
28986
140686
5894
80736
131
25849
3113
2122
253982
2170
9852
340542
54221
399888
8861
100101467
10847
154881
27165
1593
57156
147968
113177
10420
7712
54800
284716
221472
4935
4925
22987
254295
84687
93035
200081
56673
55614
3131
7754
56271
25770
55108
133874
29092
400935
401898
121275
158427
343413
51531
93210
1261
9413
7363
2057
283358
5580
57669
23031
342618
5260
4888
3621
10497
9284
149837
285847
148254
51135
645811
1395
89848
285368
377047
6011
401494
55776
84173
29116
84167
171392
84769
145837
5923
368
54545
2348
55064
94039
57727
132671
51440
653319
55721
79888
11156
91851
79924
23015
9630
92340
132241
117532
51161
23451
9046
6094
5994
84292
83953
554251
11334
135892
348645
51284
441108
1776
6748
4772
125170
5948
3791
27309
150
1844
7567
150365
84124
56261
84217
55758
6480
389114
2001
57143
25833
23492
5914
1131
148898
114781
130617
9058
84181
23368
4093
23062
441476
55715
3108
7433
56204
91445
10210
64744
606495
8850
23428
79086
116151
80336
5463
51079
84162
10916
26118
80341
55449
10462
7080
80072
116969
163720
283596
255231
113791
654466
283537
1413
257144
84064
4776
64375
153579
729668
89846
138255
83538
51058
78994
79798
84455
8897
127707
54967
8100
27099
84062
56658
23327
1586
1796
79635
441024
124446
641977
401375
401588
56140
4784
729540
5521
7732
1128
284129
260436
440072
414777
284723
10817
159195
843
8991
7089
51181
203062
284805
440515
196383
6440
22875
84239
6204
84315
79917
9204
496
9104
3581
79885
57180
55295
80321
283234
83693
5037
7351
284654
23048
94015
26157
9682
342574
199223
344405
8473
89822
1534
64928
6916
9658
57337
25864
158471
8794
151393
401563
8170
22900
50487
27033
8495
3386
60437
54455
89853
7067
7620
79969
10385
132321
80154
51277
165257
78989
541473
22861
54102
23113
339483
375611
283050
1512
7746
3398
79877
441869
100192420
340485
112574
4261
9254
7549
768096
66008
4594
729991
266747
401548
54980
27240
10454
9677
389125
79661
2039
4758
55653
119385
22998
10717
3590
114659
1118
376497
4058
4892
347252
275
441631
26953
7786
2239
11030
51257
390205
84225
55830
730092
4063
347689
5382
414926
7297
143879
340543
124975
25789
863
29880
9657
80709
58529
6517
23647
100188953
7481
196513
163051
83852
79639
54901
5293
51061
7832
23539
55692
126823
286046
222166
219749
2788
57794
26022
196996
79654
7692
55056
9808
2517
80342
1733
56898
7464
256380
90835
153090
120425
158787
51171
23348
26088
5284
54960
152831
387036
84681
440944
23081
10252
56997
23295
28952
51170
27159
55911
197257
7375
820
3109
375260
90736
219738
164832
3120
79854
64333
23584
25973
11012
217
25854
387911
2203
9344
56927
57414
116224
80714
84254
125972
137075
10500
51562
126075
10693
51252
286097
112869
10423
11083
729678
238
6776
155066
6809
247
54902
147687
3603
117245
90634
8869
55683
5447
54494
90993
7102
56521
22934
29999
254048
10219
7594
83999
148713
147945
57162
5775
159091
93233
2145
582
84871
6855
25957
8999
124925
55655
29087
8512
10396
1509
8431
542767
11120
91894
91316
115196
1998
1489
54581
147837
5197
5998
51816
84174
728411
55512
57139
9701
91353
5164
202018
8630
285093
142686
2679
2523
9912
113691
151354
155038
10912
64805
653483
256236
729359
66000
54084
11257
84245
54768
10555
401251
2529
7644
85442
51601
84851
165631
128344
1731
255061
374907
54988
64780
338328
7568
10089
1628
283652
126295
4256
63908
54823
10161
646450
643036
164118
26260
57561
50489
283663
80318
8418
127833
90050
284440
79722
81027
168507
79027
1376
131450
55223
100189589
9729
252884
221786
375513
377841
7087
6504
23189
115650
79958
51185
80764
168537
10265
912
4610
63917
54558
8906
23591
57828
1756
535
92304
43849
7551
23307
79930
57719
671
9649
55553
1154
54503
440556
57105
375341
203100
723809
284904
9441
58515
177
27124
24142
7695
10781
57509
1618
400027
91807
79785
256281
84268
23523
22924
4306
91450
222484
54440
56203
91768
553115
9727
57097
440503
51710
54925
7123
283507
3633
51478
23506
374875
219293
57535
91526
128218
57336
442229
112483
10320
221421
90273
246176
25924
283383
79626
4891
6693
5205
339541
6524
2838
342346
2639
100270804
9278
692158
64112
56155
503693
2972
116541
28955
64743
9290
5609
221491
4092
266977
245972
23033
284306
150962
221078
9236
23017
5121
4689
1580
284613
6997
9956
9854
1119
6819
6415
92291
55840
388327
5788
202243
10577
339883
58496
54807
55289
730013
3118
401253
85019
283629
931
84440
57864
100101266
8817
116985
57471
25956
57118
7976
1043
79411
199786
284390
81602
51676
6835
224
5207
4300
2120
4661
4682
3116
55471
653268
55805
79895
160364
10402
93550
139596
7710
93058
732
9766
9223
51706
23265
197358
6195
9687
401612
7942
112616
7561
81854
147727
115399
284029
80344
253959
80317
253970
79629
57185
283970
91404
10439
4524
25981
9709
57662
526
55634
29911
26018
57705
340526
387837
80063
18
219995
63976
55219
51149
1375
23373
55184
202309
284086
55616
8216
4867
84941
85329
550631
348174
81558
717
80765
27433
339201
9742
6817
401387
4337
404734
9732
130026
728656
84106
6096
9402
51131
27090
84059
4056
6247
26268
94103
84867
81615
9670
27113
89953
347404
2022
92979
90987
4046
85007
375775
5566
63910
3115
4224
78987
9755
29086
728448
286205
6821
170691
158405
163255
1428
284439
7626
51705
79366
3802
9294
8658
11238
158399
150280
10636
257106
