29970
79937
22950
196374
283149
55173
150465
8655
10389
891
207063
3159
29089
55142
9982
5965
890
5806
261729
1964
23528
26007
7417
23301
3198
4017
25940
388662
63982
57089
7112
84617
55355
1825
4686
4734
8266
2926
10045
221092
3840
3853
26524
22871
5318
283422
5862
8542
6626
6627
85395
342897
22795
80117
2069
93487
5238
7298
1829
10576
92140
6286
10492
170679
55330
55832
441502
871
79071
2274
23446
6696
79075
10460
51534
81839
2618
26872
407835
2023
993
39
51360
8428
160418
7532
5315
10971
64866
390
256227
4488
144402
990
3754
55075
342510
84908
55789
3052
1537
81
29980
3868
388753
2596
3743
164153
151246
26135
348825
9633
2773
123
23593
220134
54583
3880
9319
10728
54664
57647
9689
8061
57082
84920
9318
131566
4521
645166
54165
2526
348938
4998
2275
127943
10611
100131726
6950
387849
84085
255403
5604
55728
12
5962
2591
6508
79658
374946
3068
374897
1291
51571
3927
4174
6695
200407
54974
7476
53339
9448
3918
100129075
10112
7511
81611
57715
10049
3589
2931
653145
51132
51637
84515
55388
53836
9926
51054
6700
642852
5905
5997
4084
64965
90381
29766
55435
10622
9055
100270710
51129
3218
4643
8974
94081
85416
57099
79039
5589
9493
654342
4173
10381
4691
165904
7458
79968
7849
2706
9650
8601
6240
9791
90874
84517
2355
5596
114904
3939
10992
25984
102
3678
9578
11103
221393
54928
754
134353
10480
51077
7857
51121
54407
2305
54825
3183
55872
2304
54926
10785
908
285761
387103
25932
2786
3234
4683
55839
571
7534
127534
5467
1603
10272
441531
1173
83956
146909
84833
25813
2590
27020
9986
51720
152816
55131
158038
51109
727897
8000
3915
10195
734
3200
9221
391059
56259
22827
26056
132884
23426
9232
6873
50485
22974
89839
28998
978
493869
330
8348
728554
9792
5268
7004
6386
83742
5706
26148
6620
3872
81624
388272
30851
8710
3691
8548
23242
3832
158046
89886
3161
9585
79080
56917
30001
51133
51319
6281
7424
699
6047
6814
10097
79412
6317
10539
8880
84951
8331
51186
79139
10236
65244
284836
51390
55137
9231
663
6723
54875
7277
11339
63967
5686
162681
64841
3655
7498
3624
1984
3842
9690
57228
9260
2632
2707
29950
27076
57609
51512
11096
6283
11332
93594
2734
1821
2058
8833
9184
25962
388121
144453
7520
3861
144501
654463
10486
10643
55323
80114
8914
100302401
5287
26049
114787
5099
11196
147841
3216
10733
50807
254427
6815
91298
54606
59274
220042
653598
169044
442459
57405
56154
100302736
8092
10598
283742
375616
6318
56906
7035
3845
10804
1212
266971
10691
7046
112714
4860
9564
9212
55847
54461
219927
54872
7371
7170
55157
5074
374393
1841
646999
5134
157378
25758
163786
55969
9718
4088
9787
56889
90226
51514
6996
171177
54509
284441
2195
29982
5290
7153
84985
83461
1832
100131211
57129
8412
7020
51230
54205
388931
23650
9768
2810
26155
8877
1386
55635
8662
983
57574
8301
5427
51428
130340
7984
79023
10197
2339
389
79783
9474
11137
5094
995
23234
1969
200933
23481
440145
1615
5515
5683
7871
831
80000
6731
10342
55720
6364
10885
8767
488
3692
7093
9819
91351
4904
26271
25896
55771
493856
30817
51645
6319
332
329
79414
4323
54069
50809
8568
29080
11202
6124
6615
89870
649330
9507
5874
148641
23200
5638
100
6241
2218
29127
3484
55699
28969
8450
2107
11014
4085
8772
147645
339230
84844
79628
8540
26255
3206
286887
10397
8634
389792
3184
1514
79801
22948
64785
6947
55165
5970
113026
10146
51083
648791
2041
8683
65012
51203
51633
22943
348487
10226
10285
6781
55103
829
1824
7184
5062
6790
122830
6788
81539
9133
5836
285966
80273
3623
55068
10615
6574
3091
391634
7850
9532
84072
10468
23333
27012
646024
85463
169200
3998
1854
3619
9875
1062
8475
8550
56104
5054
3267
3069
6513
54443
728833
115111
7045
5352
790
135228
5130
51377
3945
11275
1973
55195
84248
4317
10848
3219
80179
6484
79172
5329
145241
115353
51050
6624
338442
23534
10617
55298
84187
4673
2171
120103
1033
51429
4343
222584
22883
4862
221150
84929
55095
6120
8882
51071
339977
152641
92521
24147
4522
53918
10592
64146
25788
7372
2131
78999
5058
56128
7272
55706
2553
636
51012
2683
79671
10694
119392
84910
653820
10512
4188
154386
5718
7416
54733
26507
338376
7414
51067
7542
55632
79802
91283
286148
148418
23468
23474
1746
51545
138151
2247
3093
255738
4605
2318
3667
1874
54708
813
3320
8460
148229
81831
285051
728039
60488
29959
55276
26499
55726
5347
79828
93621
4489
10072
10061
137994
4685
64318
5309
5725
3854
22938
7088
652995
163071
51008
83640
767558
23594
5738
10440
55239
7334
55450
7812
2861
134957
308
80320
79866
80115
24145
402665
5707
1781
2736
84529
375790
134265
8898
1852
5481
51375
84790
9918
387509
11051
57007
27338
3688
7050
9955
7336
594842
55855
5529
729020
79649
2019
3887
10175
80271
5226
2077
60312
11116
254439
57045
51388
84259
7322
54888
4854
8600
340665
3014
117581
610
3569
4157
259266
5167
3352
6707
51491
4175
196527
10286
79000
54541
1847
8607
10652
5954
134492
9331
11321
29979
28977
79171
1981
57622
1830
5570
9833
151648
6648
4893
4869
90417
10298
51099
196051
5093
8851
154214
5817
64105
144455
6453
54742
6464
84823
83851
9015
133308
4628
3070
4923
113130
2288
23076
51773
23367
6699
3329
8667
3217
23246
4012
64327
282618
885
55156
57559
10970
400745
1021
55010
51026
121441
768
10329
23197
7323
64778
140576
286827
29115
6713
85440
1762
2519
112495
57120
9700
84057
56938
2250
5478
3987
5122
5105
339263
81930
637
1672
283102
23184
197
55454
143458
54908
729176
11328
133
81610
400506
81608
5214
112399
93081
4288
11017
51458
122786
9928
51068
89958
7203
5708
10963
79682
54830
7348
647309
55646
701
79651
26128
54206
151242
7360
51776
55055
1163
23314
9716
143244
11169
79709
8562
3037
64710
5504
5250
23603
57553
375061
1894
10403
5196
51246
84102
5685
54014
56937
54498
374
84456
25858
6949
2182
54927
9314
26278
50507
146664
304
10575
24137
5424
9824
9699
9780
9156
9111
28978
9123
55159
54809
55132
55508
63924
643155
64208
23518
25902
118987
23170
6772
64073
865
220108
29088
5155
56913
11080
26610
56624
125228
4751
79134
57650
5704
79810
165679
3190
2091
7132
55757
83605
3656
64065
81034
50813
1207
8546
57464
490
81542
