92370
1463
8809
6223
220382
126295
10389
29071
6446
25983
115024
22889
129285
1777
100132215
10438
5613
154761
79573
7844
1964
9741
10950
7566
55937
1825
11212
80823
79929
8748
3840
170082
79017
10401
54149
10576
5832
64922
10609
255349
128977
10737
100272147
8936
7485
55065
694
729533
9556
55120
84908
9538
2346
159371
51020
9519
169981
245711
653604
10951
205428
57216
63943
442454
56936
51260
10535
84920
4801
5763
387914
4149
83939
375704
3020
6495
23097
148523
440423
9141
23198
9355
26017
7443
282997
51132
51637
56704
83591
129852
81542
80146
7743
9486
97
51651
157567
55810
6235
51398
56922
2790
6818
55125
51611
55593
388963
1019
79576
284339
221061
128239
8089
23016
85439
55780
5083
92283
11183
2079
4793
6921
57526
65095
401541
112817
100130932
65109
5393
10166
29896
143684
2784
60526
6877
79823
51720
119
219844
25886
11331
56992
54600
150384
79921
5437
590
6683
84268
221960
51057
340811
728554
51315
5706
1877
4185
29902
55749
9984
5261
51385
445571
4825
84324
90529
5689
55687
100128573
8331
51186
2287
54658
25950
54875
10293
6637
1745
2297
6613
6170
64841
219736
677850
54980
122525
1838
54148
122945
5936
57609
5700
81887
8833
58492
8577
150353
200350
51593
154043
8349
9324
5303
29960
55094
8471
203547
55869
4010
54606
442459
55015
10598
819
6224
51634
118924
2593
10096
3015
57161
692158
283971
730101
116541
414328
125061
283578
8106
108
57544
84667
146705
254122
400242
285548
2010
347689
4201
9025
57711
9295
343477
131
64222
2332
56006
84820
56948
4477
7515
51074
53919
80000
5283
6993
5364
692148
100130691
26589
220136
147381
440295
122809
79894
5634
23200
317719
11097
1716
5636
23624
84131
54954
26065
54800
78991
79677
1404
5395
10655
64785
112752
255758
55689
51372
23421
26520
7957
6399
55186
163081
6990
50854
84320
3251
28982
494514
140578
9887
285195
55609
2178
27238
678655
64326
641311
23527
121506
9252
387787
5496
79714
1968
474343
5635
6205
10793
3707
343930
375190
51241
6636
56928
27022
8345
11200
221823
345930
84984
116931
55105
641339
23461
440270
86
10857
493753
55671
81892
728758
90736
5058
115703
399818
5367
283458
84262
1427
9848
57594
653820
5889
645683
4331
728568
441212
387911
27429
579
121391
56655
84298
8674
286097
23608
10057
148229
91419
29116
9312
56548
56943
145837
162979
22938
10052
51198
1417
83640
64963
643387
54460
11235
1137
6908
574036
139341
9877
9918
6388
55119
283981
25850
54477
7220
3673
9326
2020
26521
23401
494143
54065
9283
3381
56474
23435
10286
131076
100132354
339290
928
7978
145482
6657
130502
41
80745
6894
55071
54916
23369
84871
64105
80017
27000
10325
3070
8448
5803
23766
4190
401466
3273
388714
7979
9917
404672
1181
200035
55256
5723
51218
51176
26001
79621
79833
128439
90580
54831
5217
375057
55290
80311
6470
388695
9925
3925
81610
7993
93081
259290
84513
84450
112840
159
729475
7360
729993
267020
65010
9589
5411
6478
1894
677781
644974
6271
170691
26037
51053
23574
170850
147429
10051
8822
52
140460
6166
84002
7173
7013
387990
85285
11342
51188
79002
51096
123720
4902
79966
221785
3476
57570
79656
6233
7552
55502
2779
2091
6872
4707
64065
84099
145501
