10288
283229
26137
128710
23767
1893
652919
642280
84957
9066
221416
6425
442319
4017
203
124221
11343
84273
10332
84125
166863
3250
26524
7052
161
2017
27161
10114
3316
158158
71
977
374879
2069
60626
725
84525
64115
10616
84818
81876
10158
11309
51294
929
23129
595
6347
196264
3340
10296
10410
170690
3269
392
84795
342510
11231
10371
943
653
645784
11025
342035
5002
374655
1441
8862
66004
56136
10568
10938
25893
2200
9811
7040
2350
135
84179
92689
597
2878
4642
10531
8796
9114
246777
84675
9729
8509
5141
84236
100131726
387849
27034
55304
85363
57863
57610
57493
387338
59340
54462
762
150696
134701
26027
139735
4481
6440
23138
387763
222
719
22875
629
9812
202559
1082
27129
158248
79786
79863
6237
5097
64834
126364
10265
4924
6884
5909
9104
3214
7122
25884
85445
55002
51733
27254
54558
83552
9415
4643
9906
93624
87
8482
2324
2243
28316
80201
79616
79930
390212
148753
186
2054
150709
163486
125336
60598
51339
3675
57465
3652
5681
1154
84342
59307
8837
54810
83700
89822
1804
10221
6098
348013
60495
284391
79191
91107
148198
1534
23247
2162
4500
11187
55603
4919
10312
55205
63035
9420
3716
1803
92017
177
79767
10272
58472
162461
9575
256979
10417
338324
8435
619279
2590
84100
29925
23536
11245
11021
65059
79791
5989
5732
92162
8717
83756
5728
6560
91662
219654
10783
3290
63891
54832
1528
9831
25930
7704
311
10321
1263
1909
2160
5272
414235
80790
388743
26585
83593
83742
6035
6386
26148
118
5138
6556
4728
55275
79137
9075
27341
7057
2913
83641
7424
79927
23042
339768
221468
150368
3566
23633
149469
374864
6678
23046
2081
120892
10335
11027
145581
8581
54436
8685
23250
3359
55748
8778
55296
642976
79068
341277
29842
167465
55317
11035
6327
26232
3624
197258
8972
23125
118429
56146
54788
2194
207107
7791
55211
55203
1490
2799
22838
6943
90485
55510
10894
23107
201294
283383
6385
374986
23704
79156
353
100130449
8322
26112
222698
2099
148811
8578
85461
10043
8547
93649
57175
84898
3563
376497
30815
10599
6442
83541
54434
122046
8532
8224
22885
1767
27145
147798
219623
55308
1757
51272
9564
57140
5020
6278
54461
26085
79443
147686
64236
7750
10326
5322
2321
192669
729238
65249
181
118812
4846
2195
10631
10365
84985
161394
26579
84647
57515
5267
148398
8412
4719
395
8510
4092
124935
3699
83547
151887
10319
11142
9813
2826
9351
3176
57732
150290
2621
58491
738
81794
53822
83849
91664
26057
23414
1969
64499
6997
7410
241
2199
6256
6731
339524
79639
23729
5293
26095
7407
8694
10840
7078
678
284297
4015
283298
166614
80301
27180
116285
11060
7579
2847
50488
1435
5934
27134
2153
170689
6615
81849
8705
2286
285489
5874
389136
7248
146857
135250
3284
79836
124583
3742
94
284047
146712
961
729355
27127
775
55118
284759
56894
4616
23220
1674
54587
81788
9645
56100
54551
57864
220972
7314
326342
120329
10687
113
7011
64651
287
26238
163933
79707
5829
128209
10418
7450
9121
7262
55614
55803
4608
388588
5730
54345
440073
92806
343171
9456
5265
1038
9392
79989
728875
10150
116535
26353
116448
26025
140902
54210
79633
153090
195814
653188
219833
80816
54863
51621
3053
7084
6513
29953
54472
80005
84127
54106
85456
126017
115110
79611
57605
56137
89795
8437
203859
64285
6588
1346
10300
4317
1665
57186
22917
5733
3694
23413
79986
2863
9725
221264
23143
51050
440738
643834
10256
23295
7363
6320
64005
6616
27159
6525
64220
58986
51429
149047
323
64078
84935
4916
7136
79867
7421
4680
81033
112464
5745
51063
146849
653567
9077
54978
11326
2004
55273
63876
8795
79750
2570
25840
3553
4582
57708
221002
388389
56099
1041
4188
162967
2060
5129
54567
5731
8082
54733
8642
27128
23164
50944
54751
147660
3311
2203
9695
9703
80789
3054
5159
115019
152273
29907
84447
92086
377047
79794
392465
1675
389376
29015
253970
6483
9501
975
79701
1307
255877
55970
3357
138151
1389
64787
54741
6344
23108
79955
30846
29984
2318
3667
8793
9746
140733
747
23286
2217
148170
23500
349667
26234
10072
57410
55422
5168
9057
5924
5178
55286
80781
23276
23281
85441
5029
55238
6793
253868
2687
23562
2568
340267
946
81603
4035
84135
2920
443
123872
4907
22980
134265
57158
8869
284312
80023
79788
8821
4543
8760
501
84953
11156
9672
2219
390072
146853
3732
91851
9632
10427
79363
206338
84893
27202
342979
5441
28984
249
9839
286343
57689
27152
54869
1718
1826
169792
79754
6910
653509
65082
4321
57188
115727
6439
127841
84141
8741
59
582
6453
2622
9388
25992
114905
8999
9332
1471
27090
2653
2357
4353
23246
54112
1509
9022
8292
91663
23302
23061
100131897
7044
79696
60401
56729
7356
80314
339535
5452
1740
164284
162417
2
1071
25927
11185
285521
54847
3601
394263
91252
164312
79143
55742
9873
79583
2134
2159
27113
53831
64284
5998
9923
81622
283316
114625
11178
84975
387890
5919
8639
54538
3034
80169
7805
201191
162073
1295
113835
5153
55786
7174
2620
1545
57104
2678
4486
2649
463
400581
9056
5739
90333
23400
145781
5236
6672
55617
72
85319
84640
83716
8856
55328
34
2266
26
5871
6447
6441
55809
3037
10287
654
6898
10499
10060
527
1647
9966
114788
1436
51752
51246
93663
643414
285025
80323
3577
79652
66000
100129034
64321
84766
55081
6649
2702
9780
57222
54809
1361
259232
259307
79567
7080
2701
1116
2996
219699
9783
284565
57477
5069
26020
5155
84674
4855
11082
7466
435
9457
89866
164
60412
2740
23743
55034
344787
22941
196883
340602
374907
441381
3611
389119
3568
54988
133923
56105
51363
79717
338328
26290
2242
