92370
158038
6900
3290
51382
8804
4145
154807
81552
91807
80129
1716
1652
80020
407738
10577
650655
643
9745
4151
25994
837
80223
730
51024
57226
474354
1312
1635
113189
22796
3206
23193
388759
8476
10588
123606
4947
6612
23484
11343
5612
5992
347744
83538
155
3479
203102
339512
401535
3741
56892
2907
79660
717
6857
53345
3777
57528
2294
4986
767557
22953
7068
84894
644809
11230
58480
23432
26228
221303
8756
51619
286499
2215
3359
440356
170261
283635
4060
9220
4353
29937
4922
51227
347734
694
57115
729991
245812
93653
137695
6727
729
254956
2630
404672
100303728
147111
55069
84816
57085
11285
114882
10959
23462
84124
529
100270746
53904
5687
23600
375
56993
64976
79755
729338
22917
126731
27018
84791
8912
6493
9873
4602
10242
5768
23184
375567
9413
100271831
221786
84279
65996
11254
81622
6332
55248
114805
25845
400752
81691
4953
29094
341056
7253
51151
2897
64002
196383
5479
7993
5228
7035
114926
255809
388886
730971
219623
154810
222
655
167555
7325
820
645369
53834
23416
23209
118425
64839
3948
146556
5104
55273
56986
79819
7533
5801
26580
4778
10082
5660
389432
10067
989
5997
390205
402
267020
136853
128387
6441
7257
5731
29058
1945
51191
100270710
118812
7419
11148
5037
171177
26277
170487
2137
642938
6938
116349
286148
131831
9453
79086
100133985
256714
6634
6271
1675
116224
139599
57414
51661
284654
84727
81789
137075
54511
340543
642
54753
28966
221143
56660
27297
221687
7008
54898
3176
9506
123624
57172
55837
2702
28991
9312
27244
389856
728039
25798
29940
170589
400258
203100
152559
55508
8835
7332
65124
2996
64499
84071
25987
933
5406
55004
51374
60492
55266
22921
146433
133396
54904
7832
6445
255374
51148
26301
284297
6746
25828
10008
25864
113201
1137
100130691
2623
387509
138050
2242
