8714
4194
1463
348254
56120
124411
22889
151295
390927
254173
4017
162963
80071
9807
140767
51059
4686
1786
64901
96459
6505
100272146
7358
57730
9842
10749
55795
9487
5459
84656
23623
56158
129450
201176
1833
5618
55599
641977
645784
401375
9382
245711
645090
23020
3213
677821
9611
79868
9114
130872
414777
220729
85474
373863
100133161
60680
84914
284805
221322
285955
79958
152185
79786
3483
388796
79582
6783
9204
23318
1638
64423
79596
27039
912
10622
29062
55002
80321
79571
10250
9493
7015
83860
55760
60558
440044
10915
114044
54734
57468
4293
4999
646471
8497
2262
242
80157
10614
4134
387032
10168
29123
400508
5198
58517
1803
8178
5467
140432
100129482
146050
9856
51540
23225
56097
8170
8717
119
64432
63891
283638
25930
144811
9913
347918
64837
311
4552
115098
4122
7469
89839
90589
131873
143
1877
55717
9075
10692
3681
10336
339210
23175
729092
149469
57589
54658
55139
284371
63967
219790
54925
23035
8227
9112
51244
57191
677850
56911
9677
22878
84684
10677
23354
79661
442229
5211
642273
22870
6606
54851
145624
9098
91603
414189
55094
346653
79850
2641
7862
1845
51291
55015
256051
4058
284680
9849
4957
10804
56252
1735
55718
2193
147685
2239
192670
79029
147686
9889
57721
125061
284083
346528
730051
55799
50848
55054
1849
23397
5151
6429
6305
2314
7673
8514
55096
5256
8780
90850
388567
402483
54752
345193
25929
124245
57035
10317
440362
619207
5364
10815
51654
57338
100101467
56342
50488
7109
7422
200576
63925
22894
23483
57794
388536
54454
6241
146439
10514
23007
50840
1302
388566
58496
84138
9668
90246
9245
7480
10013
4299
282973
284309
28981
9810
84101
84163
50808
55689
2041
25956
55421
399844
6334
79918
26190
284992
4336
5836
20
117852
26160
57167
79744
6499
400935
100190986
84622
56104
90317
54443
57560
54659
81629
790
8729
4152
23070
660
5394
23325
10200
11338
440944
905
79776
10256
23534
23542
3978
750
54891
342909
9223
81669
23265
8986
80205
55201
7375
54806
23181
7372
5260
57693
399818
84901
79750
3981
239
338707
201625
57728
162967
3748
9406
6714
2713
6304
7157
27094
27327
343505
80714
170680
9501
54482
79820
1729
84942
2035
80039
400322
79955
54971
100302692
54441
10057
29116
116966
4007
9885
11083
5347
9785
284459
619189
55320
55286
10110
100133036
55238
79753
23531
117155
340267
26230
7726
23275
9953
94039
4864
9711
2849
55640
622
11273
10105
26012
140690
55345
3181
124491
51455
1488
55833
148156
56521
116983
91289
4645
51479
267004
93109
23774
5428
9033
84307
23309
399761
41
117153
151648
159091
11232
10207
55208
540
9481
10298
54947
10969
8867
84823
4628
55892
11162
4820
5711
23350
23186
5430
79465
79077
23218
25961
22823
79585
27309
200035
6861
57396
767846
6434
55558
2627
162972
58493
26212
80169
29924
9925
84896
5331
7174
6812
54870
90333
374491
3984
157680
339451
2580
729799
55328
50832
65010
25852
5411
55762
79003
23099
84102
116828
170691
55556
3889
9757
7047
54991
55037
90592
10051
4798
79691
1428
23255
29
170959
135152
126070
1453
51747
140612
7425
54429
