5955
7586
645851
55193
64645
51127
3371
55693
598
546
577
23098
388561
79731
51704
79026
8883
11226
2960
206358
257218
84084
80071
26298
81575
10936
23431
3654
3627
53354
113235
151525
126306
80862
9330
60626
25897
89
653390
126231
2317
51665
51163
79728
25926
81839
7559
3866
219970
7403
79635
4488
8295
350
57404
11107
94234
776
401375
100287569
5798
55339
55775
1499
169981
84649
5396
100129550
440354
9217
27229
23020
11163
27324
6868
132949
3172
27336
23195
149986
9988
6231
159195
2072
388336
90233
3620
10762
27034
25831
51366
85415
92293
2591
60680
26035
400752
1121
10075
58526
29904
57610
23198
57169
54462
146562
83592
1654
23269
2935
55802
196441
5189
55677
123263
3751
10361
114793
84962
4763
9805
399668
55209
642852
55734
23131
342933
26220
79915
29855
23678
5523
79571
115752
9991
402415
402055
150786
8706
64172
54822
6349
390212
345778
27146
23543
57698
10079
4037
10735
81792
9371
203430
4999
11073
140883
9943
9637
151011
7757
9777
728819
200424
9578
387032
6645
7804
57214
146434
79665
94104
60495
29123
54811
84220
131544
317751
4683
7681
5139
6566
88
472
23379
84197
8725
27124
58499
246754
100131827
146050
7716
324
619279
54915
63916
49854
389333
2822
339983
79913
8065
54832
79088
9831
79673
9913
4552
25775
643314
51678
132203
7592
22854
4233
55167
201626
8663
50485
89839
11081
421
9497
282890
2186
221960
84433
9586
148189
5933
11011
51321
8411
25841
9836
125058
538
54843
51277
6674
8239
84925
79072
147179
1088
55717
91120
23312
163131
220202
7543
270
147923
374383
2956
84524
1737
1512
147991
8331
5308
26504
22995
6885
57646
83737
79893
54914
646023
51442
57492
283687
219736
7342
27198
266747
10955
55217
57496
54883
79939
55175
6197
390916
56919
54839
143689
9334
9677
152756
10178
7204
253943
147172
22893
55613
22852
49861
25962
4863
642273
9372
129685
26005
25904
374986
10299
9520
346653
286002
246182
55066
22909
283742
6547
545
10599
30010
1045
283576
55274
10564
5469
26122
139231
3712
8614
113828
80018
8288
29072
192670
79752
57786
9889
2037
9325
57544
79842
26152
148206
10153
60491
7029
51526
136895
125113
2195
10631
8424
114130
11190
286467
5978
29104
1387
55389
51230
4092
57653
1124
54753
79664
139285
8514
5591
79413
8945
55096
23389
64493
151742
285268
388567
150290
51143
80709
3480
143872
3149
80349
283571
162962
7082
55785
402377
2122
8648
151162
9891
57451
126248
23272
375759
200933
25786
54970
10886
7789
7706
1723
26060
7165
26271
6262
163049
9972
54537
116143
1080
80067
150864
408263
100133893
57223
28234
4301
284098
54617
58530
26048
163259
81849
11077
3189
221037
159963
9203
79980
22877
254268
22794
357
388566
122011
81706
26823
6469
83935
5980
158747
83856
79677
23512
284309
124989
23509
84440
54858
342132
7675
3096
389015
113
55689
197407
4948
57118
1054
9425
51633
80208
9753
1952
162993
6399
1778
84132
56924
6533
171023
56125
7274
51755
9392
22911
113220
1038
79989
116115
140578
7705
79744
4649
7634
151313
7291
6314
727956
23155
574016
51621
54821
9440
256472
285527
23544
115111
7428
57546
6942
10565
55252
23070
660
79818
1665
138724
79172
93973
23177
338442
10081
10867
8202
7110
123228
7745
342909
9223
8895
440270
4430
8470
729956
83660
5326
140462
116987
8813
374928
9185
10825
6558
9736
220388
57716
493911
163227
26258
119392
84910
9693
255631
55714
441046
54799
6714
79789
6258
57722
54468
9039
27327
55008
143282
80852
650623
55798
56144
347527
528
170680
10563
81893
90161
54471
257629
4885
729234
84366
51765
79768
100302692
79925
10106
51427
26061
51232
841
140733
84327
22835
100132707
11083
23094
339829
6310
80059
7290
9969
349667
253639
645840
3798
375519
55768
22847
5042
728262
55238
254887
4049
85441
247
27443
51449
64342
147687
554235
9953
24145
57727
9665
80063
338755
148789
29944
6908
63973
9866
96610
5550
54467
7336
594842
25895
9931
79649
254225
55184
84952
157506
9326
54887
80264
11104
54529
148156
100128239
23524
1787
26266
57551
6581
114908
401884
85464
339324
7727
161497
81844
85459
653687
5509
10413
148203
5612
11321
23451
55039
158228
6654
55787
25928
55625
23080
10637
9781
65991
8621
391267
440278
23369
154214
55181
50650
8925
6712
100126270
5378
2965
10325
25862
7840
955
55668
8999
81556
348645
30837
23063
9922
219854
7128
79465
3996
84514
23060
55156
672
100131897
157769
80329
23057
1181
5723
4824
5170
80824
100190940
80184
8924
7994
51463
54581
51496
109
1039
8994
56925
339263
65250
7182
727936
84079
90390
124912
143458
9945
9865
729176
11328
81544
11059
5000
65986
57539
84892
283460
4361
84968
55127
283459
150538
440224
64395
157680
84696
134728
259215
51691
93380
58490
23408
846
284443
151613
50832
9993
23165
23314
9929
729993
267020
254042
10009
23019
8624
57221
162466
57553
161424
5930
653121
55672
131965
54972
6599
80304
150590
23049
63939
117584
2140
89781
285180
346157
91392
375287
24137
728024
9780
647979
286101
3797
55508
170959
9880
84245
53944
3060
1783
22976
92181
57532
23518
22841
100133205
57665
2792
23170
57477
84458
10137
8218
64750
23243
160287
26996
284739
79134
344787
9568
221656
204801
25942
140612
9228
154091
51101
