80868
10089
92259
7005
1298
891
100134259
58190
4814
220074
80185
4641
517
118472
203
401944
7076
5757
57648
5051
725
2119
84337
4258
10749
10016
51734
26472
2875
1586
10476
440400
284348
29937
84269
29844
6902
56683
55182
254263
606724
55343
348825
84270
4259
2053
3213
220134
2878
23753
10232
56181
5763
85474
11151
22843
63877
9550
7531
66002
8673
4296
85236
56984
56165
374291
54935
2845
9322
56
3155
126695
158401
5216
11041
30
90231
200010
401115
57613
11136
64215
283248
9789
81888
219402
5690
11243
6276
51016
51009
10952
252839
81929
10718
832
6618
8891
10382
6282
55214
6201
11135
10327
1329
5393
4338
6164
83442
251
149465
91647
2582
5710
2166
25796
57333
57291
118433
8932
10162
90480
8000
138429
1645
79590
6390
3305
55585
84641
29919
64863
126820
3773
8559
22826
60685
27351
51649
113452
553115
51192
23585
115817
56647
26512
3760
5223
81578
55890
10240
58485
4694
4000
388585
55748
9480
221
1396
1984
9482
23125
118429
128218
84263
23616
10589
9898
65005
378825
112483
51255
84791
10393
85002
161142
29920
84279
10043
29082
6461
2987
10961
79774
285386
10103
51389
8721
9261
152687
503693
112770
10067
6284
3588
91734
23371
2029
50848
7391
84885
51249
93974
4166
4714
4116
2810
207
114132
221143
317749
1025
8780
10456
5202
533
84265
29796
4702
79639
6632
5204
4904
9552
6159
10280
51124
8774
6746
90506
6202
6720
54627
22954
5720
2286
5068
27237
5510
90594
10625
118663
79654
84934
5684
6167
5694
25923
2647
4802
200185
84243
3094
51372
23421
169270
1892
84771
134359
4580
3131
11337
168620
27101
27095
11124
284353
255043
7264
79947
10383
3855
3069
10487
23462
8729
51228
170302
28956
84817
23203
6205
79986
84681
250
9445
6487
8703
51241
9446
7016
22915
91942
4343
22824
26511
64425
406
339977
9191
79763
79747
374973
29889
7942
221002
5279
8344
23349
149466
3239
55811
130749
56927
64951
57414
64960
389376
137075
201651
550
51252
902
4606
55362
339487
56942
25798
8574
54890
497661
4967
283673
2109
51042
5641
8569
9919
5872
79148
100132948
55064
81603
9168
132671
9218
84457
5052
51693
746
55721
5695
100128542
90993
4717
9692
29090
6944
11079
55011
152302
5646
166348
5441
83473
5098
8330
51760
8347
6728
23239
2709
1557
100128553
23105
57026
80256
10969
51299
79005
6464
8834
149603
967
92840
6795
27090
3065
27043
26281
7389
9927
5195
80142
51548
9442
2630
122704
100129066
130940
5511
23635
5692
51176
5805
216
9352
128308
26001
112495
80108
26995
6576
121053
130617
5598
221833
6470
6405
93081
8846
29895
55786
521
8744
7178
5566
9551
10899
201501
3257
509
619373
51021
118471
84709
55876
218
79174
2970
5699
64744
527
127255
29114
8668
124944
54987
4681
548321
10912
26292
10403
80149
85025
745
6359
8909
6125
160777
10262
27285
646962
2874
2996
127396
23559
1609
2950
89866
340061
6883
729156
157807
84572
11315
55844
283537
337867
4707
63931
64064
84064
2302
145501
