653857
1031
23483
338799
64837
9672
94134
85026
283932
201931
199699
5993
79847
26823
92565
9577
100132111
414235
165545
1802
376693
25940
100132341
23149
203
51660
84875
5509
26297
220594
2517
55039
84233
8969
130827
55766
8612
55208
11019
100133144
112858
171586
10240
148022
10036
79139
64063
51163
81602
388324
339122
10309
955
338699
113278
388585
25837
7186
27090
7549
51244
123099
201266
128486
29926
729375
257068
4249
542767
151313
124446
9197
414919
94234
284161
152789
57461
91782
84561
133015
729830
93594
57511
7012
6725
677766
1676
63943
113230
55471
51714
84890
147699
57060
6836
64900
89876
90784
84883
64431
79902
55869
57474
210
55290
60680
377841
9223
51706
7136
2639
11264
6991
80705
5566
1798
54862
219738
56654
128497
8675
56893
730101
5702
64834
11041
839
140825
1937
149466
83932
55149
80150
497258
2692
54799
161424
7542
64772
22858
219402
5799
10362
84173
2959
5611
163050
80039
9817
23361
55647
93183
5967
286075
55132
140707
26751
64324
85235
152559
6782
3171
23137
8416
375759
442578
285237
10966
79025
79957
7706
728323
4338
160287
375307
100289635
79134
94039
9858
5830
79177
57003
120379
