79953
116496
28513
388015
4162
1901
2900
4237
4121
6280
29774
9306
577
146225
50652
213
244
57685
338645
339453
644
367
23213
79998
171019
147372
158376
25769
4017
554236
63982
57561
114876
200008
7042
401944
57608
645996
2294
2069
2719
22795
285419
574029
440275
11078
64927
10018
79805
51294
165186
6091
57101
2862
23271
7571
3340
219970
253461
411
349075
55075
129450
283796
641367
84795
84668
5798
6660
2201
1499
56140
94274
9774
66004
25893
56130
4161
2200
64359
79827
7040
25
26064
55177
131566
246777
22986
90586
348938
51285
57616
123920
146894
2642
136288
128876
256691
4634
114821
3643
3355
3786
116441
56131
25963
284805
7216
7991
284612
10642
651302
23022
116444
11037
127731
3751
157695
9364
1082
653145
353500
150771
286527
79582
5358
53836
123355
55076
758
79668
387104
116093
8646
132720
92292
57578
231
2768
83552
4214
1690
1756
7066
284276
535
390664
100133545
2324
9590
6514
10381
56849
23543
90874
2589
148753
8601
256933
125336
81792
283659
3090
11167
26059
94233
1848
1462
10718
1154
246
3678
375719
11183
83700
9080
22865
221393
54928
348013
2289
3233
386757
131544
285761
55205
326
1474
3234
1630
7681
1803
5139
4547
9517
1842
399473
10272
60526
83956
10417
2590
57337
84631
134429
11245
22873
4163
388182
1272
4635
54495
2747
284111
80014
8534
5617
24141
115761
8641
57469
541468
22854
1909
6555
7007
590
978
4811
4313
81848
84203
54878
474354
253714
158696
131873
83869
5602
219595
2018
1284
118
340527
5138
6620
5648
56203
7301
85021
392617
2913
960
3772
126567
22801
133584
4238
6013
7424
79927
6887
100128573
6506
7728
79187
347
23175
6317
23585
219793
57589
7068
5308
6885
64127
389257
663
1000
2888
222223
145581
338761
28974
83595
81285
79068
1815
6913
8735
586
27286
22798
54510
3908
5125
58538
121227
57609
84684
6283
207107
29933
6515
2828
63892
55211
1946
22925
93659
30820
284186
3910
7762
57184
51304
56651
153830
2248
345222
10681
114880
85360
65267
8654
25960
114805
494470
1004
653598
84898
120114
132141
56154
6318
80818
4058
10447
4090
8038
8942
91977
5228
23551
4146
26122
635
7786
115908
728194
204010
5104
114784
399726
10082
9027
11117
374308
442213
27289
84667
7225
90226
56034
55799
4846
157773
26468
25903
219621
221395
1482
57094
79933
91653
6305
56901
1290
9867
340543
909
2735
9242
30813
3761
65217
5591
90139
9903
3231
100288380
9351
285203
84258
649
1993
6579
1292
64067
80221
29940
111
3082
7082
84142
162517
361
9891
23414
388698
2066
53919
65983
6939
9162
29075
10630
54714
221458
9444
253738
60676
167681
4082
57573
4015
3859
13
815
4323
116285
128
9972
340206
3674
100133893
183
6615
57156
389136
51751
219749
162655
1303
9124
7075
158314
5136
4886
339105
135250
3484
9468
857
1287
441666
116328
23452
25941
340075
10776
55118
25948
7480
79832
54587
9194
3000
55907
2155
2138
491
93426
84101
51320
5066
5786
79660
121256
5826
51310
93035
1733
25925
64137
79822
442247
7450
284467
285
2245
7837
1123
729082
54345
81539
57593
553137
343171
1084
2690
204219
91646
116535
6574
117157
25827
3091
116448
133874
27012
9021
114898
57591
7162
8838
9201
128025
80816
2172
55114
5475
2312
5054
10487
220441
115111
79899
135228
285175
56137
6588
327657
4240
22917
144245
23325
5733
57673
10402
154743
84931
23708
85450
23148
51050
11228
440738
104
10645
9828
3490
51384
11013
3685
1281
7652
338323
84552
2009
10787
202374
353164
222901
55190
5745
4430
441282
24147
7392
220988
51738
1954
9902
645369
100192386
389610
345557
2004
26167
1277
63876
134111
2553
56000
83439
285759
163404
3232
56099
2911
7781
2551
3075
55584
256949
54567
6710
255631
55714
148824
8642
23164
163175
50944
6258
338376
202333
8829
7414
5159
126129
284119
4102
83417
343505
2191
65061
9509
339416
3735
1232
23418
3236
8434
1278
10117
30846
54971
3667
8460
153643
23768
283392
91404
83729
728039
1896
401237
486
2770
148281
117531
339005
6521
51214
55422
92912
7025
80781
7018
826
2687
10204
8291
123803
8123
2316
753
443
4907
624
29944
134265
23770
6444
80867
400831
200132
284312
57007
165
79781
23629
3488
145497
23515
389549
5587
10116
9423
23090
170692
3679
57182
57502
4854
84893
4703
116983
401463
399949
285696
113189
6707
3235
11281
2173
341208
390595
53353
50649
5569
154215
5992
117532
283446
339761
1995
161742
4627
9781
140689
2592
1834
164045
6401
154214
55350
84894
9732
728656
131405
286410
135892
340273
4327
58
55668
441094
10846
6699
11173
375033
9874
3714
23109
647288
4772
55704
84695
8111
23302
113540
56062
2615
54757
284
57484
403341
2335
56729
11098
139221
55287
9340
23173
23066
10395
6804
1306
64778
6886
389114
25927
167227
23339
1762
4921
79843
1293
54852
56896
5914
6822
1495
2825
55742
222553
220979
54329
4124
55679
2697
221718
399694
433
11174
122616
133418
79400
54538
8506
3034
337876
2744
94031
2022
83468
30844
554202
5153
57631
57529
122786
136242
1282
144195
7348
1982
23416
137886
80243
85319
619373
145957
83716
151242
283208
8433
54328
85449
5649
3037
9341
162466
10060
4217
283985
55243
339287
285852
54360
5896
23024
79652
1316
23194
3697
64321
8843
9699
54809
644936
22868
4978
646
54768
219699
64084
56940
84146
347051
85458
114801
7484
26020
116379
163351
389118
401399
347732
4848
79190
81557
340061
7570
1950
23780
2326
9315
3973
55335
114990
3611
5996
133923
10724
2977
375607
51101
