223117
79953
7586
26046
57556
128710
285961
55173
114088
9329
79669
653316
51313
166647
56120
401207
100128385
6697
5806
261729
79100
1182
79861
388662
202500
387254
51059
26166
23277
57585
96459
100113407
3840
22871
3736
140775
7019
3248
10124
161753
767557
92973
55630
51665
55319
728788
5929
286042
92126
219970
411
4488
11276
51804
342510
6622
85476
641977
94137
55083
132789
653604
80263
9811
2773
6725
27445
143187
60561
6103
389337
388722
6830
4130
2936
27164
153657
414777
22853
100130522
2642
10194
4634
57584
25819
57380
51226
10642
9094
200407
387763
285359
84168
2935
23566
9364
2352
353500
26153
51132
219
123355
55076
1638
84340
724102
6865
5565
91137
55435
10622
23324
54906
8505
347730
257177
8644
388135
9991
25937
90632
904
55183
221091
56849
79269
345778
2706
2589
84063
9791
7079
114044
10949
9265
4487
81792
114299
378
51339
1780
3226
57465
226
23025
2903
54810
64344
83700
57526
79674
6925
29899
2737
3233
23152
55872
338339
3141
85409
25932
4683
5601
8745
23379
4026
23051
9575
7092
114885
55161
23568
134429
54915
49854
389333
23536
65220
23225
5728
63027
3304
119
55130
9759
23223
205327
399687
5865
165918
391059
55144
10311
643314
51678
193629
84466
201626
92092
444
6873
6683
51057
148189
6337
8653
23122
54878
8411
100036519
4898
80790
55334
125058
55432
94026
23322
4168
4238
284835
374383
285782
57528
144577
347
80012
222696
25790
283373
23291
219790
163782
342527
286451
83595
81285
128486
1815
79068
4009
6913
6711
222234
57496
147906
3908
56919
2632
151987
84263
57609
65065
11096
65083
9631
253943
7054
93594
8451
8833
10198
84919
285855
22870
140901
85465
4976
5546
10730
222699
8447
114880
3202
11196
51280
147407
92797
2902
22887
5266
29119
9910
7436
3549
148979
4884
57190
4326
27067
7035
8532
56252
284273
27145
55285
5577
54413
441631
64839
10806
5325
29072
143903
57521
192669
56889
201973
54509
2195
123103
387758
64132
11190
9467
342945
285600
1849
7020
22856
2735
5591
55096
64746
100288380
151742
56900
79618
25849
27125
644596
23414
25929
7481
84256
10317
253430
55379
64747
51727
6731
2949
11213
7167
84108
5576
7078
26060
7093
253559
9107
282974
9819
54221
60676
57338
8618
7280
3838
6248
57717
169966
284098
58530
6615
57156
118663
11149
389813
9818
868
100130776
57157
7345
55118
4616
221336
53616
10983
8515
23509
1730
23262
7675
56895
7014
10687
3992
83732
25925
287
79822
79646
348487
7957
6781
65997
3030
195827
114899
728215
122830
9859
2619
51755
9392
10184
2690
54707
222658
115265
84692
55604
57167
5010
84720
728613
4062
284161
80332
5831
165215
7525
81550
728635
84127
51377
649946
203859
387036
6484
152579
56983
3399
342372
440738
25805
79776
26577
8444
10606
222962
120103
3158
25876
2009
3954
6498
55105
55722
8895
5745
51164
347733
729956
387328
820
84301
136227
623
256710
10825
100169750
22891
439965
2683
6596
51012
80856
9848
22926
8720
5028
201625
55112
217
7257
4239
50944
259282
665
23457
644890
3054
4212
821
9779
63928
274
5593
134430
8434
23443
347273
399815
3422
1496
23094
152559
84888
91752
79828
54439
2117
5471
11171
23548
4826
645840
80124
51214
7088
54517
51520
1264
55238
767558
7018
9919
10440
9054
10802
285954
402665
27069
84529
148789
6045
8031
492303
145282
7287
200132
11221
9747
57007
2135
10463
25895
10584
23090
9379
4137
55753
26207
25799
2005
117581
2918
1355
4548
376693
57551
249
285908
503538
201595
64854
10652
6935
9019
78990
7697
23394
4782
5292
8404
158228
23135
399761
148137
202151
374354
23082
92255
23080
51099
7049
1738
9015
83851
5013
25992
23076
30837
6004
146223
9922
4353
23
7037
4012
1147
100130417
5373
2548
8431
81570
646982
7044
64282
10736
133015
85352
10419
51176
51014
6713
55129
2161
1762
283345
79258
126731
6493
127003
3987
26045
4124
5105
10739
4920
7584
375316
10501
5166
57381
6049
29924
11059
5578
192111
83468
8483
57579
3156
29968
84083
79739
89884
84706
128497
389840
729475
79992
51021
58490
54876
9857
23314
25806
64783
23019
64710
167359
220164
114825
27295
3572
8443
26168
5045
9321
80723
2140
23194
55504
130074
1428
2898
8899
22868
8671
10989
64084
55698
29107
29070
85458
55660
10884
10921
4751
1950
165679
2296
2475
10434
5610
1101
441381
81621
646851
6557
