64375
80326
6232
55191
147
129285
1001
51013
51704
4814
644
164118
8883
9775
56674
3660
7920
91012
10045
158931
8542
79017
22845
54952
54625
6345
56241
7298
54973
4258
5655
11078
349136
5627
126259
23558
3809
164684
158801
8911
1579
10379
10014
5721
54874
5976
51260
1285
873
84872
9729
8509
92129
59271
23595
5977
462
387849
79643
100129424
8673
79658
9071
374969
57493
151050
25797
57282
629
59348
92359
3047
6543
5887
6237
51084
55577
30
81606
90231
2696
9076
374739
388341
55337
8502
79746
402415
81888
728116
9170
7295
84708
4927
60598
92558
65987
389856
10392
200942
51233
2319
51602
9130
64928
649446
100130932
29099
200734
9414
127534
2961
5150
80019
6443
5710
84936
766
8794
339983
720
129049
125476
11316
54508
7164
9913
54930
1869
9940
317648
645121
79785
195828
28996
5356
54762
11011
3004
26229
4257
22826
79852
9075
51649
282969
8479
5982
54209
23585
10632
84733
10482
57646
27075
8498
400569
6613
3820
83608
66008
348235
3628
94101
1838
2707
83759
3811
9360
221421
9122
11193
51255
1117
10681
51490
100129583
54860
57121
7152
6482
780
9636
26071
2564
51136
57231
114034
135932
84848
405754
51330
84461
2879
390197
5702
374393
150221
399726
6284
9403
440026
644165
896
65992
9134
5799
129293
55565
4697
2826
162333
7955
9270
64067
60485
55294
51290
1580
1969
11274
56999
79840
9552
613
439
6741
80008
286046
29080
55578
5720
5174
159963
51751
113402
9124
9342
9541
9148
79654
10577
23624
5684
961
8772
26065
2787
22807
10588
283152
23220
3902
171022
83874
728402
8543
203328
4753
79758
1892
64137
56898
3560
158584
29109
284266
54187
55860
144423
27095
116154
83890
80194
56262
140700
10005
153090
147741
997
2178
9440
151194
4176
641311
93436
121506
103910
221188
3163
51228
7039
374819
4072
79159
9446
10867
55298
3978
7268
5663
644186
6737
158521
23265
93556
6118
54020
202374
283219
55437
86
51071
23031
8881
805
100128927
158062
57594
5696
25973
3846
23059
3625
441212
401498
83787
91937
51574
83699
118490
285148
51562
51065
8853
441457
125150
55837
4606
286676
60386
22895
171392
196993
222171
4676
729786
27247
23588
1750
65080
6604
1781
117245
51015
4799
64080
301
8396
8869
283420
55119
79781
10930
119391
9672
254439
9439
11104
27252
30009
10475
654817
51809
93034
7594
131583
928
5251
339201
119467
79990
57821
10036
219988
100130771
57198
3070
55922
64838
5190
89932
400759
284578
6709
132001
3146
404672
3351
5805
9881
80196
25833
4236
51659
2877
94103
55686
2937
10933
81622
166
23412
347516
1120
23541
400506
201516
116844
219539
223082
6747
10068
114971
27035
84513
647309
54866
64108
3178
89849
1191
84417
55876
169714
2679
9993
2523
60313
284217
55326
5250
5650
953
10924
144406
85437
9521
5685
6271
57658
5920
201292
55081
11075
6166
79650
222659
163720
55017
131177
11132
84674
222236
1453
113791
57558
23780
23761
6730
7132
4128
114990
85320
3268
3568
387628
