64375
440253
23767
4849
147650
29774
598
185
5592
100132215
100128385
5806
57520
50509
23224
84617
140767
81565
9710
57154
81609
26524
6857
283422
3316
7306
22795
80117
6345
22837
114794
968
51294
55531
10388
5627
221749
92126
23129
6546
89832
11276
392
342510
116835
5316
4047
8840
27071
164153
9899
3270
9217
123
4640
246213
51301
23008
6830
5873
348938
2526
9846
220729
23352
57659
57863
57584
59340
57169
7058
51571
9883
284612
340578
6915
80759
64180
8836
340152
777
8519
123355
26289
10761
9537
79915
90834
51305
57578
7066
9493
25937
552
2324
90632
105
94015
90952
27330
4170
9895
79993
55765
4660
81035
9644
23344
57105
9578
344657
1523
3678
55509
134353
27
8462
6282
7857
54825
11067
8707
2304
84220
389332
50618
728323
63035
10274
6916
8745
9517
57194
23215
124599
28959
342615
100271836
56097
55131
6423
283638
311
92092
633
116071
8916
4898
131873
5179
387082
54843
1284
5138
151473
7057
79927
80069
23207
2892
5794
3437
6317
374378
22899
11217
1139
27253
51390
7126
90550
79893
646023
55116
23250
163782
199746
55885
208
8521
3663
100130872
6327
55750
3908
137964
29950
91526
9175
55203
49861
8833
10198
100129128
22870
728661
79147
3910
83401
1184
10894
345222
113157
3590
84803
222698
10129
126326
93649
57453
149371
728264
6318
54434
55784
57497
22885
10564
27086
3174
25758
2916
2321
285676
4773
146705
25780
10203
56112
26038
54845
114823
284729
10631
221395
57094
9830
7020
79016
51778
5499
54898
83861
402483
5967
151306
54596
143872
29940
51119
57125
3759
153222
22918
23102
7104
2885
9956
161725
63971
25896
6262
85443
815
79812
7280
3489
5320
7109
23052
6615
63925
43
57156
9507
5055
80176
7075
22877
2745
94
587
340075
128854
79628
730013
401720
8453
115827
55636
23220
1674
3000
54587
9194
9645
57148
124989
84101
7453
150468
384
6876
10687
89910
51310
79608
7450
55103
7262
9478
5455
1778
128434
146
80031
56125
440073
56110
10615
1038
57664
55365
1763
55711
27023
6548
2312
4661
9826
25802
57605
7163
1346
5394
11346
3219
138724
53826
5733
4204
92737
23708
51050
81501
673
5562
51429
11200
79056
27284
22883
4862
9764
127435
55190
55095
347733
94086
26039
23181
2152
11069
345557
623
23328
26082
374470
6330
9825
51200
26574
4008
23164
83888
579
91937
90293
152273
9950
391712
8434
401288
80039
30846
2318
10106
650
28514
442523
142891
10699
64091
26958
80124
25787
4685
3798
368
9053
56103
85441
80737
54
7169
27443
57569
23646
115290
84911
55057
3690
6792
9711
134265
51375
1365
57158
219995
51440
165
6891
9262
23373
641371
80271
10965
129642
155435
9283
11320
55281
1847
51168
8404
148137
2299
80765
284254
7168
774
8499
79742
84871
9172
117248
11259
58524
388165
23167
9927
2908
3273
55156
56147
6496
2335
55256
6886
529
3557
54674
79843
28954
151963
7130
56896
84867
6356
6493
23405
51209
55257
5122
54329
283316
56257
389658
79902
10501
57381
54538
5127
9945
2744
387590
1295
6403
1282
55127
729475
9857
51347
93986
9912
25852
200844
83892
3670
10211
4681
55672
374
256236
1743
353189
6358
9321
80723
1316
10351
285180
1428
8353
473
259307
83546
51705
8394
3823
135152
645027
6542
22902
27074
346689
84458
57091
5069
84669
401399
5368
1300
2774
23382
4855
9457
1453
54623
83648
139324
9754
5079
5950
10499
677847
729355
145501
