5955
79953
51019
3700
84693
126295
118932
23092
10438
8798
200172
3516
55234
151525
80318
6850
7298
6509
1902
10576
84317
23300
84937
115416
55367
10811
55006
388533
9454
401375
6523
51020
23593
55930
2681
440072
5241
10817
5442
22834
3020
653566
100130522
9550
27034
84992
29081
400752
57001
4613
196383
57149
54935
51185
5887
23552
2963
22869
353497
79816
8502
283248
9789
402055
137209
7295
115825
116412
4487
7965
65987
166793
25996
6164
2624
9255
55336
9166
25813
23231
8717
84826
7589
378925
474338
54894
220832
8495
7266
98
28998
10550
80746
7301
400410
23242
389766
51649
1737
79891
339210
2966
10482
25950
8498
5903
5288
144608
3655
1815
8623
29926
729375
7113
120071
55269
83744
8233
58492
163126
79759
353
80347
79109
54346
136647
2099
65263
3549
92170
4892
51389
9383
643382
8637
93589
79029
85365
414328
64798
549
54465
54107
54951
23532
56980
221143
1666
221078
54984
7955
7069
60485
767
553158
55379
892
79957
53832
25803
3185
399888
10815
84080
13
128
692148
150864
220001
51138
84837
9946
8313
6167
2787
84844
83982
3741
51741
127579
84163
150223
550112
1892
79918
284390
401052
644591
10605
3623
9532
646024
151194
3123
51126
913
53407
27306
653268
10200
4292
90271
2310
84931
23177
256329
51241
152100
283358
29128
64098
146849
23030
9687
1315
5332
148254
286103
25847
8649
217
1134
91283
10651
729234
126075
84298
79768
55837
65008
57215
222171
5471
155066
151531
1417
4207
25898
84849
26286
149840
117245
84304
23196
54522
26272
115106
653319
501
283922
708
9692
58505
389203
54981
5464
56474
113189
80213
84446
51809
6728
64776
51002
145482
158228
9742
79990
2622
5378
113278
348645
29087
11162
7385
4353
7389
542767
57599
10907
63905
3146
60675
6428
80148
23173
223075
10196
25880
128272
1489
285521
339942
8293
26995
147837
360200
8350
6929
27349
123775
89958
10127
54942
129138
3009
254042
10205
79078
56998
85025
1933
80335
116151
84319
8843
84516
6166
29
146923
400073
121551
29107
9620
100128640
100125288
865
57109
84281
146542
27315
80832
11197
1977
