gene	UCEC	Rank
80723	7.31032705511403	1.0
64651	4.797612290258604	2.0
4609	4.737090686290167	3.0
389558	4.338826914123796	4.0
23645	4.067075701070862	5.0
3725	3.97072447754665	6.0
1958	3.96827099696446	7.0
9509	3.807980643666734	8.0
55143	3.7644685092613295	9.0
7272	3.712252816774119	10.0
7057	3.6629181193341394	11.0
55388	3.650269470760566	12.0
146909	3.5962381303659656	13.0
55355	3.5417921507975003	14.0
6790	3.409502303843392	15.0
9837	3.402709999997861	16.0
57167	3.326856053031938	17.0
5984	3.306708908397653	18.0
699	3.214603634553486	19.0
22974	3.184032799527227	20.0
9156	3.1818426260165253	21.0
57608	3.16766232628608	22.0
11130	3.147880644616972	23.0
79980	3.1330209008043126	24.0
81794	3.122655452602373	25.0
2353	3.0982135056927347	26.0
890	3.052630225188547	27.0
9787	3.039611072987237	28.0
1277	3.0275363569158533	29.0
7832	3.02287757241499	30.0
2335	3.006554088217813	31.0
79075	3.0048995337404083	32.0
10615	2.9946128143278843	33.0
995	2.958901148475636	34.0
55723	2.9561259494794	35.0
1033	2.950761727215664	36.0
29089	2.9359815534053624	37.0
10403	2.920708748817499	38.0
1289	2.8881087276453807	39.0
55872	2.8794870130960177	40.0
84722	2.86111820855968	41.0
9843	2.8596986149319434	42.0
113115	2.856808096982179	43.0
84627	2.853349089251509	44.0
283298	2.8431881146802174	45.0
5578	2.825814728632217	46.0
54478	2.815980764873194	47.0
9700	2.7951687154878364	48.0
83468	2.786062233770385	49.0
24137	2.7652711680322275	50.0
220134	2.751849372600041	51.0
64946	2.748871998538844	52.0
899	2.737197310478164	53.0
8318	2.730687127507707	54.0
1058	2.723994617393872	55.0
79827	2.719891226963377	56.0
5347	2.71885718318551	57.0
2919	2.7049563766375875	58.0
1300	2.703425867350639	59.0
5888	2.686423659456654	60.0
11339	2.6857738829315188	61.0
27074	2.684552593853526	62.0
146956	2.680403902069957	63.0
5999	2.679864811171273	64.0
641	2.657140389009997	65.0
983	2.65616975477302	66.0
467	2.6449966922487422	67.0
2921	2.6442893864998167	68.0
10721	2.64376257421546	69.0
387103	2.6427596824156456	70.0
147841	2.6381072660374256	71.0
2200	2.632740995968379	72.0
29127	2.6310500971470474	73.0
8840	2.628040437195136	74.0
118429	2.621913336415826	75.0
10024	2.6210404167982886	76.0
1281	2.617250173367882	77.0
26585	2.608136357191504	78.0
2305	2.607822412699315	79.0
1293	2.6071377024476696	80.0
4938	2.593822078193764	81.0
4605	2.589442893189009	82.0
84057	2.585333061802893	83.0
81792	2.57278274321741	84.0
8438	2.5710835411204718	85.0
1843	2.569847315990214	86.0
3576	2.563534595492448	87.0
1111	2.5489299939688084	88.0
9212	2.532176203669116	89.0
151648	2.5291506653060885	90.0
11259	2.5261431632685194	91.0
51512	2.522537661179264	92.0
11065	2.52053110310226	93.0
29028	2.502861381127598	94.0
81610	2.4954809258649915	95.0
84168	2.495346507605036	96.0
11167	2.4952398757837857	97.0
4288	2.489570918387717	98.0
55165	2.48571014085564	99.0
55635	2.4830201865919483	100.0
284297	2.4823029952266715	101.0
4998	2.481754073143594	102.0
55010	2.4815891514031194	103.0
3832	2.475278573593361	104.0
7124	2.459350151274041	105.0
57405	2.4544431317061504	106.0
9833	2.4458081477414564	107.0
78995	2.445143829725922	108.0
51053	2.442816495898613	109.0
891	2.4425648929902266	110.0
1030	2.439839119430234	111.0
9493	2.4389800608936776	112.0
7298	2.4364921983986108	113.0
221150	2.433659812720805	114.0
55247	2.4319082731818367	115.0
1634	2.4288072655053803	116.0
9133	2.4265316828906545	117.0
3833	2.421740609282088	118.0
1513	2.414384404376479	119.0
1278	2.408027009431682	120.0
115701	2.406160264074169	121.0
8914	2.4040307686790947	122.0
157313	2.3919469392965995	123.0
653820	2.3878295740207185	124.0
2177	2.3852293192136003	125.0
79000	2.3827464958474893	126.0
90381	2.3796920340255587	127.0
55215	2.3773690131541456	128.0
5111	2.371342617653113	129.0
22801	2.367296491244014	130.0
1062	2.365608129455165	131.0
1063	2.364201492971143	132.0
9088	2.3639927372574485	133.0
165	2.361873023651899	134.0
10460	2.355054388437776	135.0
990	2.3547277274052782	136.0
8317	2.3533540533236352	137.0
2064	2.351625980207336	139.0
84299	2.351625980207336	139.0
55876	2.351625980207336	139.0
4940	2.351391069415093	141.0
79172	2.3417547097687885	142.0
84952	2.338612453391708	143.0
23397	2.338100003935649	144.0
1870	2.336975250466087	145.0
56992	2.3241019845111217	146.0
993	2.320257647800812	147.0
22795	2.318656566225686	148.0
2146	2.31814130508222	149.0
90417	2.317767580709666	150.0
79968	2.303771532509051	151.0
10036	2.302666067903772	152.0
127435	2.3006978654801498	153.0
8638	2.2968638228718694	154.0
93323	2.294611989009731	155.0
51203	2.294139073241088	156.0
9824	2.2890941324514964	157.0
219654	2.286421462447346	158.0
27122	2.283222713801568	159.0
64151	2.2806180117112165	160.0
1045	2.2742846085167443	161.0
4599	2.270151887420431	162.0
701	2.26120762232284	163.0
83540	2.258434771233543	164.0
1869	2.257345257043614	165.0
4171	2.256026059949166	166.0
7058	2.2533795223302624	167.0
25770	2.246322710729647	168.5
100132354	2.246322710729647	168.5
57116	2.244920728788296	170.0
6934	2.2426326571259514	171.0
8208	2.24251394599806	172.0
1763	2.242362366824953	173.0
2253	2.237836513941824	174.0
10000	2.237641878457723	175.0
84935	2.230712667912418	176.0
6678	2.2256638135822	177.0
51339	2.2234781953065967	178.0
80119	2.2201674554159148	179.0
84296	2.2144929601979197	180.0
253827	2.2089468577656115	181.0
51514	2.2087620181934726	182.0
4939	2.2054228021443536	183.0
5427	2.199255060970818	184.0
9055	2.182062160816463	185.0
81030	2.181064728405048	186.0
122769	2.174298377583919	187.0
7042	2.1640690202712585	188.0
79682	2.158163833189517	189.0
7153	2.1581408334828334	190.0
79723	2.154425357382917	191.0
3480	2.1468393869792086	192.0
10112	2.1414398212863626	193.0
4313	2.1364789800660557	194.0
55789	2.130506222594013	195.0
25960	2.130401052573557	196.0
11200	2.1298319768569742	197.0
23594	2.1284741074846254	198.0
152330	2.1199823309671	199.0
2491	2.116494568058475	200.0
728833	2.1141157965632047	201.0
91624	2.111477064830736	202.0
11117	2.106248987238448	203.0
1164	2.104473436939265	204.0
4001	2.0965106356247416	205.0
147906	2.0955244226613017	206.0
800	2.094551818547276	207.0
857	2.093265626319314	208.0
56849	2.0919481171094207	209.0
6241	2.0834415073266026	210.0
11004	2.0759094675158827	211.0
4176	2.062416954001975	212.0
55038	2.0558403953209967	213.0
5159	2.052339706261366	214.0
80380	2.046870896740556	215.0
143689	2.036289734933555	216.0
4085	2.031646305247373	217.0
5327	2.02394810657738	218.0
100048912	2.019068079325101	219.0
11169	2.0154588664421307	220.0
113130	2.013602489719137	221.0
254228	2.005931799161351	222.0
6364	2.0050787636752534	223.0
10631	2.0003321607754456	224.0
3627	1.9948489798519076	225.0
4239	1.9852160516586488	226.0
57616	1.9786086423610847	227.0
389136	1.974850998096414	228.0
83461	1.970572880993016	229.0
3925	1.9627805034555557	230.0
5156	1.956220732707583	231.0
2191	1.9474109311089705	232.0
54821	1.9448836762104675	233.0
4772	1.938773605377512	234.0
4060	1.938708951056179	235.0
133308	1.9367835927675807	236.0
55722	1.9297652377668344	237.0
79772	1.9297651454083669	238.0
9918	1.928203111425308	239.0
219790	1.9262100692241697	240.0
9232	1.925943405105724	241.0
10376	1.9256288563934316	242.0
131578	1.92334564208507	243.0
6374	1.9219061495543288	244.0
1306	1.9182481522127892	245.0
1027	1.9181415428400448	246.0
81624	1.9087256930782663	247.0
6591	1.896939147313398	248.0
6772	1.8937160025733637	249.0
84823	1.8912695504459616	250.0
1291	1.883439377327761	251.0
91687	1.8828554762144465	252.0
1909	1.8795994702794576	253.0
55839	1.8711714192508744	254.0
54069	1.869658882721843	255.0
2248	1.8690012200333004	256.0
2537	1.8676881528920464	257.0
79651	1.867002641067948	258.0
6935	1.8551249520213844	259.0
284403	1.852057698634664	260.0
862	1.849757645409592	261.0
10926	1.838785605879918	262.0
991	1.835120203196204	263.0
10733	1.8308750913772331	264.0
3070	1.8293724622629373	265.0
1163	1.820865096515345	266.0
55732	1.8166082880213448	267.0
9358	1.810998468303396	268.0
11274	1.8057494020593936	269.0
259266	1.800919985832306	270.0
7443	1.7853180427391295	271.0
2023	1.7839549584838867	272.0
10346	1.775365499336366	273.0
4796	1.7740155080713114	274.0
11031	1.7610609722319843	275.0
85442	1.758653034333555	276.0
27299	1.757182058307738	277.0
4035	1.7568943047870254	278.0
26586	1.7521912849978003	279.0
85360	1.7463996705722835	280.0
4811	1.7326161982366173	281.0
26255	1.72715858809016	282.0
57650	1.709234103992393	283.0
3601	1.7040123004703789	284.0
3910	1.7003777920087637	285.0
27295	1.6970095880302802	286.0
9768	1.6966879401547208	287.0
81930	1.687951464350956	288.0
6373	1.6852741540238811	289.0
220042	1.678026759961375	290.0
84251	1.6607467251568095	291.0
151246	1.657649633314262	292.0
284992	1.6532617532433151	293.0
3838	1.6478949583240925	294.0
53829	1.6391039435564243	295.0
11113	1.6384945912139888	296.0
1009	1.638082961557955	297.0
2237	1.634562223503793	298.0
10537	1.633668469069481	299.0
1104	1.6319987247235077	300.0
116028	1.629833092445934	301.0
93594	1.6246028818860967	302.0
50509	1.6201315139519663	303.0
3161	1.6130849482513645	304.0
56917	1.6079386607555233	305.0
9636	1.606509473192179	306.0
79801	1.6042395048625295	307.0
84904	1.6022151408604932	308.0
3559	1.6005331721049834	309.0
5197	1.59851552156286	310.0
54796	1.597098476243179	311.0
898	1.5878448229755209	312.0
5902	1.582436285800865	313.0
150468	1.5820534630830168	314.0
51191	1.57758578931877	315.0
9319	1.5764635407983496	316.0
25902	1.5707635670569595	317.0
6258	1.5688167008491984	318.0
10535	1.5681121698647602	319.0
2597	1.5660847748063564	320.0
1287	1.55710388317556	321.0
5069	1.555342695077257	322.0
83903	1.5544977062947654	323.0
3015	1.5418607156254387	324.0
23704	1.5386988176075704	325.0
51513	1.5371906405625058	326.0
115362	1.5367967304146095	327.0
55340	1.5262328514119052	328.0
23452	1.5227748173959252	329.0
25886	1.517845783896996	330.0
54510	1.5118938106419215	331.0
1292	1.5099460609381423	332.0
79168	1.509164847291628	333.0
54892	1.5078577266377613	334.0
84930	1.5015385698901036	335.0
2821	1.4973345765845771	336.0
54947	1.4896275248788318	337.0
10293	1.484784844451615	338.0
51659	1.4845289051009587	339.0
1906	1.4809060597901045	340.0
5133	1.4804216926663785	341.0
8900	1.4784305782224303	342.0
9902	1.4762246105467336	343.0
79958	1.4702385539092564	344.0
7083	1.466977726376319	345.0
3090	1.4613608801110989	346.0
6360	1.457510991356377	347.0
285180	1.4495519705817852	348.0
50615	1.43577841315011	349.0
195828	1.4263858696047158	350.0
5727	1.4215531134100332	351.0
54908	1.4202761159961947	352.0
84790	1.4202188306399512	353.0
9735	1.4130728290319432	354.0
4173	1.4097804748450358	355.0
7041	1.404169629126958	356.0
10186	1.401284090138241	357.0
167465	1.4007073809537247	358.0
375444	1.3941991387106212	359.0
29128	1.3940954289969247	360.0
10351	1.3916601882643795	361.0
87	1.3908431789324578	362.0
941	1.3848488677108173	363.0
157570	1.3828310365188778	364.0
3918	1.380229161958343	365.0
8029	1.375982497069458	366.0
2187	1.3739560254127876	367.0
952	1.373034832859644	368.0
89839	1.356602645758961	369.0
2247	1.3562170587102806	370.0
22948	1.3504774669596231	371.0
9910	1.3504558627627847	372.0
55055	1.3496532175421576	373.0
494143	1.347898674831888	374.0
4751	1.334002890610455	375.0
23590	1.3338598895102418	376.0
284417	1.333302924387716	377.0
3619	1.3324955619391716	378.0
89790	1.3316210955135812	379.0
3003	1.326592563206348	380.0
29091	1.3264363611614192	381.0
25927	1.3251204313797964	382.0
5176	1.3232549733079149	383.0
10635	1.3218975994216788	384.0
55303	1.3216137897038744	385.0
3429	1.314231923013634	386.0
79866	1.313709932720565	387.0
10335	1.3126038433416514	388.0
11006	1.3103025523399552	389.0
332	1.308394662443814	390.0
1285	1.3050194102936803	391.0
346389	1.3038723309787232	392.0
337876	1.301793348813612	393.0
1842	1.3013172367236048	394.0
713	1.2987285793376564	395.0
3580	1.2936979140577858	396.0
83716	1.2927138867600212	397.0
664	1.29186690346412	398.0
5230	1.2881634335350975	399.0
5579	1.2847713836324963	400.0
25903	1.28143548625158	401.0
1894	1.2771552422021295	402.0
54443	1.2736123896163034	403.0
1286	1.2726780689062542	404.0
7517	1.2713092028976525	405.0
4638	1.26598798310073	406.0
1493	1.2604307479168524	407.0
3394	1.2552384242696888	408.0
26025	1.2539280434728488	409.0
10538	1.247728204034349	410.0
10875	1.246305682375473	411.0
11026	1.244996614373506	412.0
10165	1.2441819281496425	413.0
117248	1.2417228920515002	414.0
64174	1.2352820549940358	415.0
10673	1.233700512000372	416.0
3101	1.2311754029176598	417.0
25804	1.230216183860758	418.0
9840	1.226380100139223	419.0
2210	1.2231940957633305	420.0
5315	1.2228914492352378	421.0
89780	1.2221670317325817	422.0
151887	1.215622586485742	423.0
2209	1.212667939209528	424.0
9585	1.2081014730751374	425.0
60489	1.205195134379819	426.0
3099	1.2040857668543117	427.0
285154	1.2040432846215543	428.0
3824	1.2037811573716422	429.0
3821	1.2028550375616271	430.0
55706	1.2026926647102605	431.0
146722	1.1940928875383574	432.0
56833	1.1940126964959497	433.0
5610	1.1939623917961282	434.0
7096	1.1872683232651098	435.0
4973	1.1844408062694207	436.0
9982	1.183281242358586	437.0
170575	1.181087893193341	438.0
114897	1.1808355832286888	439.0
10682	1.1748121390718889	440.0
53831	1.1742948978355157	441.0
729082	1.1739833450990036	442.0
83990	1.1705760679942523	443.0
117289	1.168830011834736	444.0
84941	1.1676689018314346	445.0
2946	1.167250375944486	446.0
57082	1.1646713461071263	447.0
9928	1.1632904209051926	448.0
9715	1.162879943747461	449.0
63967	1.1610376800526778	450.0
11332	1.160896838845335	451.0
2214	1.1579931829740937	452.0
80004	1.1538695285629046	453.0
79974	1.1518992122029266	454.0
2669	1.151768450480298	455.0
226	1.150756889907101	456.0
6636	1.1472119503607667	457.0
6491	1.1442686545267184	458.0
9976	1.1439294577768742	459.0
80833	1.141101491190061	460.0
3428	1.140312532765481	461.0
4521	1.138411168890192	462.0
80178	1.1350730541521006	463.0
3694	1.1307840028401082	464.0
93429	1.122076183358758	465.0
6850	1.1205234571264648	466.0
968	1.1168295414859	467.0
445347	1.1132294534360778	468.0
343099	1.1087807204012503	469.0
7516	1.108188707670815	470.0
3820	1.096775936870663	471.0
128239	1.095048233112624	472.0
7167	1.094878376063258	473.0
10189	1.0938138664870567	474.0
7133	1.089478292528773	475.0
375775	1.0802249101635657	476.0
111	1.078409012770698	477.0
23543	1.0750270963601567	478.0
114	1.0738196136650071	479.0
152273	1.072765912017114	480.0
27338	1.072638711298873	481.0
3149	1.070103740895345	482.0
64105	1.0695976917442445	483.0
51196	1.0633775841726223	484.0
1307	1.0625653556636687	485.0
79019	1.058983947308315	486.0
155038	1.056676737105489	487.0
221091	1.0562945103753314	488.0
100130932	1.0505603911791668	489.0
3665	1.0505523282558868	490.0
9377	1.0423288908836776	491.0
7482	1.0389258024422263	494.0
116372	1.0389258024422263	494.0
284252	1.0389258024422263	494.0
7855	1.0389258024422263	494.0
8322	1.0389258024422263	494.0
374	1.037101603539544	497.0
8847	1.034351537419497	498.0
3604	1.0330540803337385	499.0
81029	1.024954958831181	500.0
1719	1.0239309405265828	501.0
29967	1.022342706131264	502.0
7468	1.016868483342933	503.0
5052	1.0113537323411457	504.0
5426	1.0092200173535446	505.0
9551	1.0068612563213544	506.0
9079	1.004203803556294	507.0
79188	1.0028472566358635	508.0
3671	1.0027984123180391	509.0
27180	1.0007584583589682	510.0
1944	0.9978932713166888	511.0
30001	0.9964974132242524	512.0
3939	0.9951295467162006	513.0
7538	0.9949973187712964	514.0
50943	0.987664241187482	515.0
1012	0.9787952922463976	516.0
6627	0.9766161049980012	517.0
5982	0.9743208655846508	518.0
59	0.9734724914004526	519.0
79856	0.9678083333028952	520.0
4701	0.967217453741584	521.0
56113	0.9666293717255212	522.0
100132417	0.9615385277208692	523.0
28956	0.9597095561898458	524.0
5424	0.95716919045713	525.0
9687	0.9568587029313836	526.0
22914	0.95444826862524	527.0
9134	0.954184130179529	528.0
2175	0.953852312689712	529.0
1288	0.9526316907833736	530.0
353376	0.9511903958519964	531.0
92609	0.9463302935573484	532.0
54873	0.9416503988409848	533.0
7094	0.9415286911336468	534.0
124751	0.9407925035490996	535.0
51529	0.9400195300811748	536.0
60312	0.9393519498986048	537.0
533	0.9383487829251604	538.0
117581	0.9291954124456432	539.0
672	0.92805117049538	540.0
4741	0.9279467733992928	541.0
23643	0.9269872348365688	542.0
57125	0.92491376719867	543.0
2113	0.9204072347161132	544.0
6513	0.9201130109697891	545.0
23007	0.9182164287116444	546.0
729230	0.9163599610827812	547.0
2529	0.9130884832505322	548.0
29088	0.912913855071969	549.0
84515	0.912835012516303	550.0
23414	0.9112341723057356	551.0
122786	0.910590838149782	552.0
51188	0.9039265530672412	553.0
27129	0.90187611124167	554.0
23649	0.898536873502192	555.0
64115	0.8982020638279652	556.0
623	0.8963225037192872	557.5
624	0.8963225037192872	557.5
29800	0.8943245098974214	559.0
9242	0.8933097491483608	560.0
29095	0.8931083353732772	561.0
401115	0.8898014084033722	562.0
79733	0.8884816074527833	563.0
50650	0.8882313481230821	564.0
222487	0.8862622614046304	565.0
1549	0.8845578154855384	566.5
1548	0.8845578154855384	566.5
55389	0.8815786647349352	568.0
6876	0.8786002258728582	569.0
7456	0.8781122028646166	570.0
65997	0.8776689325307376	571.0
220972	0.8756528842622698	572.0
10330	0.8754965634712156	573.0
4776	0.8687152687116758	574.0
643314	0.8667002707272952	575.0
4162	0.8662668441169981	576.0
10907	0.8652490431312667	577.0
92241	0.8648079473214646	578.0
8600	0.8615450171710665	579.0
10791	0.8605281189130664	580.0
3014	0.8602225151089838	581.0
5337	0.8592399151573168	582.0
5922	0.859000155251651	583.0
1232	0.8566286870238966	584.0
6632	0.8537886804368927	585.0
51806	0.852672456191373	587.0
170680	0.852672456191373	587.0
8000	0.852672456191373	587.0
692224	0.8518741795976862	589.0
3068	0.851312872556121	590.0
2004	0.8512679363232716	591.0
9052	0.8447698291981105	592.0
5213	0.843591115873466	593.0
4830	0.8397648756923972	594.0
5618	0.8387151152464232	595.0
822	0.8376661877932383	596.0
4921	0.8350889979822007	597.0
4297	0.834386352399586	598.0
400696	0.8332445668754795	599.0
153222	0.8313810468264861	600.0
79008	0.8290298455832977	601.0
2615	0.8290005201228151	602.0
6472	0.8252371604469152	603.0
10195	0.8241611009791537	604.0
57158	0.8234613324596739	605.0
100033416	0.8233635598373047	606.0
6372	0.8229998916044275	607.0
84832	0.8196068580673297	608.0
8475	0.8171229617846759	609.0
51491	0.8153334025476316	610.0
201299	0.8126187707899851	611.0
51715	0.8124496863608125	612.0
23753	0.8111413592293955	613.0
4693	0.8080965943327372	614.0
26233	0.8055111592610955	615.0
514	0.8044533073375005	616.0
55205	0.7991743058088119	617.0
121053	0.799151752208055	618.0
375748	0.7989695126599826	619.0
81892	0.7989394815002582	620.0
10471	0.7977291098468409	621.0
124	0.7962017879588535	622.0
1490	0.7952370345313133	623.0
8123	0.7944015787852945	624.0
10051	0.7920825695372454	625.0
729533	0.7898294932775697	626.0
1020	0.7895752347737076	627.0
55759	0.7895311243787329	628.0
10212	0.7877108809203808	629.0
5652	0.7866002062539883	630.0
4773	0.786121624186436	631.0
1892	0.7855468630039365	632.0
9401	0.7814644114508712	633.0
7873	0.779924965836235	634.0
8458	0.7790437368528653	635.0
10465	0.7773352385093554	636.0
11025	0.7761638446923015	637.0
2069	0.7756068741000318	638.0
675	0.7746514311149889	639.0
590	0.7736871484206881	640.0
9556	0.7735311868248573	641.0
11214	0.7733420301086604	642.0
54894	0.7722781790766263	643.0
26519	0.7707232457001639	644.0
154075	0.7702302519232183	645.0
597	0.770050756789776	646.0
64960	0.7698644399135356	647.0
5023	0.7695413527851417	648.0
148741	0.7684455794547352	649.0
388962	0.7682392461943993	650.0
23189	0.7677223119107275	651.0
1029	0.767316142446014	652.0
6888	0.7625480634414483	653.0
349136	0.7610790529781005	654.0
6119	0.758338203616902	655.0
9080	0.757913425219701	656.0
4782	0.7575947432666584	657.0
79915	0.7560841143630405	658.0
8817	0.755673860799875	659.0
23499	0.7544523640334948	660.0
54101	0.7509498299614327	661.0
10154	0.7501174664434038	662.0
10085	0.7486240121381311	663.0
5737	0.7479719334403087	664.0
5686	0.747673902616767	665.0
8639	0.7466029877105651	666.0
3993	0.7449070640359093	667.0
684	0.7436603477195699	668.0
5531	0.7428303105745284	669.0
26521	0.7420227605197102	670.0
6846	0.73790408382696	671.0
196264	0.7374868503558691	672.0
10452	0.7370703971793525	673.0
121274	0.7368967823935911	674.0
54958	0.7365348196689981	675.0
1841	0.7360080966001403	676.0
5261	0.7353764637510595	677.0
5980	0.7323017041204261	678.0
2630	0.7292752478950436	679.0
10263	0.7283002808313778	680.0
1945	0.7282710781081372	681.0
25	0.7279384907420214	682.0
541471	0.7258394655915883	683.0
7412	0.7250080883240692	684.0
150381	0.7247396807179072	685.0
114801	0.7245700690471057	686.0
1786	0.7243864733999641	687.0
51686	0.7241546022149392	688.0
79465	0.7239471885198782	689.0
57129	0.7214975294953391	690.0
8337	0.7214364278643169	691.0
5106	0.7210240962933617	692.0
2767	0.7207125590991488	693.0
64787	0.7205785155379241	694.0
63926	0.716455672342483	695.0
22924	0.7144460409730614	696.0
63971	0.714417527571297	697.0
2950	0.7142633020816165	698.0
6497	0.7138334501305806	699.0
374879	0.7125234921102604	700.0
55969	0.7092342497846901	701.0
2021	0.7086483460260904	702.0
30832	0.7084812620208959	703.0
5499	0.7060183111053232	704.0
6610	0.7042953211596866	705.0
7099	0.703332469098589	706.0
3872	0.7029590126029448	707.0
10163	0.7017398762162733	708.0
84262	0.7008916198270151	709.0
100144603	0.7006828348962212	710.0
81620	0.7005500490924776	711.0
158046	0.6992634137207198	712.0
387680	0.6981395490480741	713.0
55345	0.6981233681300737	714.0
57178	0.6979432531686465	715.0
245972	0.6957731292648421	716.0
93082	0.6912407497307195	717.0
57467	0.6905889992259874	718.5
23205	0.6905889992259874	718.5
255189	0.6885510262537811	720.0
140823	0.6884455601073338	721.0
5163	0.687820002397801	722.0
54629	0.687374136194666	723.0
4728	0.6871755922130787	724.0
58499	0.6864296719455378	725.0
117583	0.6833187306054573	726.0
27085	0.6828062340108672	727.0
84817	0.6821965671557108	728.0
389538	0.682106891736714	729.0
54814	0.6819652659471914	730.0
650623	0.6807458220101654	731.0
5580	0.6797279092982089	732.0
6182	0.6792369999473237	733.0
4053	0.6789026857533956	734.0
1175	0.6759212492307561	735.0
643763	0.6759145528937015	736.0
341	0.673858308899866	737.0
8578	0.67167744106172	738.0
10116	0.6710771422091762	739.0
677779	0.6707616076319334	740.0
57662	0.6699107962234101	741.0
1329	0.6691578049530433	742.0
55771	0.6670654912831703	743.0
6637	0.6653082817742305	744.0
10389	0.6647789560916151	745.0
56101	0.6626429450484463	746.0
4843	0.6610904398968914	747.0
23047	0.6604151042655875	748.0
10797	0.6597086507147772	749.0
22928	0.6593058459745146	750.0
595135	0.6592744297455949	751.0
4282	0.6590511819932797	752.0
9655	0.658330310094272	753.0
27089	0.6576848174731149	754.0
169611	0.6575419668966601	755.0
90522	0.6559279489911334	756.0
122704	0.6543260986169558	757.0
5226	0.6538495787600773	758.0
2747	0.652195612031296	759.0
8351	0.6519889132409776	760.0
283871	0.651680820527696	761.0
10653	0.6516075675085522	762.0
116966	0.6515449571546624	763.0
23258	0.6511325589735524	764.0
51042	0.6506875806125281	765.0
51181	0.6494603976076444	766.0
160622	0.6493018704390676	767.0
8365	0.6491069970314883	768.0
1956	0.6488937168790538	769.0
100132406	0.6483012806847631	770.0
115650	0.6477353447724197	771.0
6382	0.6473290169528882	772.0
344	0.6471343365691784	773.0
84331	0.6468658292103138	774.0
84085	0.6455579355895911	775.0
1237	0.6454461065820783	776.0
115509	0.6452529905248467	777.0
254225	0.6451104657538129	778.0
8395	0.6449921415521375	779.0
1365	0.6440051282290098	780.0
8338	0.642583564629322	781.0
9168	0.6419197245739146	782.0
8848	0.6418812083352358	783.0
2549	0.6417768973634107	784.0
5292	0.6412179611119732	785.0
716	0.6403441280178799	786.0
2326	0.6397722462519488	787.0
57673	0.639483501801788	788.0
23233	0.6381009004053302	789.0
54737	0.6376672951561579	790.0
81873	0.6374509894241664	791.0
4692	0.6365866880277948	792.0
55066	0.6362593988076012	793.0
57089	0.6349024281982886	794.0
3908	0.6339710483266976	795.0
3978	0.6334345720235177	796.0
9475	0.632019127866292	797.0
79788	0.6310856522060881	798.0
23507	0.6310585224987951	799.0
3013	0.6296983381019238	800.0
2679	0.6294446360446259	801.0
93986	0.6290774977396159	803.0
3745	0.6290774977396159	803.0
91851	0.6290774977396159	803.0
9747	0.6288183724570328	805.0
147798	0.6276111111634801	806.0
84078	0.6273353669460059	807.0
7071	0.6270975712509388	808.0
285643	0.6268176387625113	809.0
84440	0.6257423735803624	810.0
163786	0.6241076637996624	811.0
201254	0.6235086253688827	812.0
79760	0.6232177364591364	813.0
25900	0.6231890608923025	814.0
4050	0.6229796254918616	815.0
7048	0.622842214481958	816.0
3835	0.6227362464957038	817.0
83596	0.6221064258987961	818.0
7745	0.6185058641849294	819.0
387707	0.6184713198697954	820.0
55248	0.6182145171093073	821.0
3866	0.6178390262669735	822.0
347475	0.6171745868077373	823.0
4884	0.6160994765213585	824.0
55561	0.6140497308902404	825.0
7078	0.6136580146324425	826.0
10979	0.6134549203158017	827.0
1366	0.6129191024649965	828.0
7871	0.6127638620911129	829.0
2316	0.6126634399049858	830.0
8347	0.6123825119614236	831.0
57510	0.6109409820865702	832.0
728264	0.6108985329664298	833.0
23362	0.6107043765263372	834.0
79370	0.6103993804119492	835.0
6692	0.609718038788192	836.0
1577	0.6086861754976959	837.0
7182	0.6086546834296658	838.0
57864	0.6086318214718368	839.0
146547	0.6085555822459611	840.0
84951	0.6084667849779608	841.0
3710	0.6079014676435217	842.0
5334	0.6076596195995791	843.0
84885	0.6075203657655125	844.0
11313	0.6066000401608429	845.0
284	0.6064285014517741	846.0
22808	0.6062431385690743	847.0
3875	0.6059591261312914	848.0
10413	0.6056104162994215	849.0
11030	0.60455694880896	850.0
54209	0.6043462247344451	851.0
161725	0.6038968423088749	852.0
552900	0.6035732130956879	853.0
6722	0.6009796916421919	854.0
1890	0.6002116410403069	855.0
5973	0.5971702579211429	856.0
22841	0.5968985747304931	857.0
268	0.5968588253255003	858.0
3017	0.5968303363641977	859.0
200424	0.5957641017606615	860.0
11123	0.5954630923185918	861.0
10462	0.593848199045615	862.0
6556	0.5931236040660376	863.0
9074	0.59292239072534	864.0
7965	0.5901504156056921	865.0
6711	0.5899777268928358	866.0
51678	0.5891471411564998	867.0
348	0.5886141443805157	868.0
9839	0.5848921198286849	869.0
5729	0.5837198124131555	870.0
4145	0.5834394150955261	871.0
11036	0.5823910989395974	872.0
387751	0.5809703339919283	873.0
132228	0.5802132236408485	874.0
257218	0.5798749343643217	875.0
8334	0.5794637854087067	876.0
112597	0.5791446050168353	877.0
5926	0.5785769651521232	878.0
8349	0.5732387252501808	879.0
79443	0.5713784556938719	880.0
51155	0.5708727109965746	881.0
8673	0.5703099664155762	882.0
3159	0.5695299472853792	883.0
54741	0.568597111663014	884.0
25911	0.5684717332384615	885.0
64793	0.5683443012319612	886.0
1678	0.5675645490469935	887.0
10235	0.5646851494212747	888.0
7086	0.5631195527006401	889.0
285598	0.56302968652184	890.0
201973	0.5616611163175678	891.0
4360	0.5610307567711158	892.0
10993	0.5588755542442498	893.0
81502	0.5583147555728742	894.0
58495	0.5582720996837699	895.0
79930	0.5580724962666445	896.0
8367	0.5580338182837568	897.0
728936	0.5573241984267415	898.0
1311	0.5568191252780967	899.0
10110	0.5552951323259697	900.0
165055	0.5550387364314793	901.0
6197	0.553908000355317	902.0
88745	0.5537076678739948	903.0
219	0.5503859696034963	904.0
154467	0.5485977103786519	905.0
8341	0.548427667567925	906.0
90990	0.5471697568101211	907.0
659	0.5466986287771409	908.0
10675	0.5449369719894396	909.5
29943	0.5449369719894396	909.5
51599	0.5435683378665986	911.0
8565	0.5434727128036803	912.0
3417	0.5396644306649255	913.0
126	0.5385390882885712	914.0
6363	0.5385341922631817	915.0
79895	0.5380134047870407	916.0
4072	0.5372530648151274	917.0
5691	0.5359397822351624	918.0
6768	0.5342644494034818	919.0
1960	0.5337962651170236	920.0
401093	0.5337888053119192	921.0
84939	0.5334836731332318	922.0
6487	0.531974615966507	923.0
33	0.5307976538582476	924.0
10114	0.5305134941198048	925.0
5721	0.5295085419471248	926.0
10580	0.5287896485903231	927.0
8404	0.528062054308504	928.0
54829	0.5266567097775056	929.0
92667	0.5255099410315245	930.0
56105	0.525470697174559	931.0
238	0.5240263040907422	932.0
1240	0.5237142203843033	933.0
3861	0.5206566815124729	934.0
440689	0.5204728070362731	935.0
54567	0.517780565520659	936.0
56099	0.5169548945463137	937.0
51050	0.5164902304685743	938.0
94031	0.5145804399588347	939.0
1515	0.5139261007524382	940.0
4121	0.5129948842420107	941.0
7483	0.512645793278549	942.0
10383	0.5120489540249212	943.0
5795	0.5111997016857328	944.0
56109	0.509552171749444	945.0
113730	0.5087285065924817	946.0
51571	0.5081616315874541	947.0
171024	0.508096308108286	948.0
1789	0.5077112586054091	949.0
23301	0.5076921075196753	950.0
11217	0.5075772653230203	951.0
51657	0.5065514690758411	952.0
974	0.5049958877375111	953.0
85458	0.5045846844305025	954.0
7984	0.5043823877468089	955.0
6614	0.5042451949873403	956.0
57713	0.5042212192235309	957.0
27252	0.5028549250625939	958.0
23548	0.5019141104137227	959.0
56994	0.5009029664783655	960.0
10309	0.5005537697979048	961.0
92359	0.5003810661908851	962.0
131076	0.5003067054552911	963.0
4128	0.500289032199713	964.5
4129	0.500289032199713	964.5
80823	0.5000127459449671	966.0
90102	0.4995107538800877	967.0
401498	0.4989404165290925	968.0
222663	0.4981225604375514	971.0
157574	0.4981225604375514	971.0
9148	0.4981225604375514	971.0
29970	0.4981225604375514	971.0
132299	0.4981225604375514	971.0
3006	0.4975698374877464	974.0
2857	0.4954868949692695	975.0
9447	0.495248708923894	976.0
79816	0.4950519443018377	977.0
25884	0.4947996008226253	978.0
10960	0.4944681188380592	979.0
10213	0.4932141978597755	980.0
5138	0.4930885677178968	981.0
79574	0.4927463416630153	982.0
79017	0.4914945578682583	983.0
5639	0.4910247941460216	984.0
84275	0.4905434112413305	985.0
64146	0.4897863209073318	986.0
8339	0.4886840910885094	987.0
6282	0.4879866219471673	988.0
441027	0.4865496870001183	989.0
7355	0.486446058330217	990.0
285629	0.4860160368443411	991.0
2268	0.4859256546780818	992.0
246243	0.4850604868763825	993.0
57683	0.4840176429989181	994.0
9252	0.482920191970942	995.0
1119	0.4826957186460512	996.5
8526	0.4826957186460512	996.5
149461	0.4824280490797183	998.0
192668	0.4822568608868893	999.0
50617	0.4808347690522247	1000.5
155006	0.4808347690522247	1000.5
29844	0.4789154707645288	1002.0
245973	0.478548250929575	1004.0
525	0.478548250929575	1004.0
534	0.478548250929575	1004.0
8516	0.4766544571035962	1006.0
387758	0.4739688283282277	1007.0
9424	0.4735062768621207	1008.0
57338	0.4712859674583218	1009.0
948	0.4701596790429045	1010.0
57381	0.4685143887378706	1011.0
11245	0.4675717196255009	1012.0
84419	0.4673770618874166	1013.0
57719	0.4671840250593054	1014.0
80346	0.4669943728858212	1015.0
338442	0.4663381427835101	1016.0
1776	0.4660963746427809	1017.0
23500	0.465776760554366	1018.0
79092	0.4639253480577108	1019.0
7431	0.4630287899932524	1020.0
64080	0.4600336216797071	1021.0
3868	0.4597293711810963	1022.0
5268	0.4596880812221002	1023.0
4826	0.459324516275701	1024.0
1478	0.4589028986261292	1025.0
5733	0.4572629438983702	1026.0
56648	0.4562361429948323	1032.0
9071	0.4562361429948323	1032.0
49861	0.4562361429948323	1032.0
53842	0.4562361429948323	1032.0
9633	0.4562361429948323	1032.0
284114	0.4562361429948323	1032.0
5913	0.4562361429948323	1032.0
158584	0.4562361429948323	1032.0
23562	0.4562361429948323	1032.0
728269	0.4562361429948323	1032.0
6649	0.4562361429948323	1032.0
84668	0.455733682464744	1038.0
11095	0.4554166372119816	1039.0
2354	0.45535367474783	1040.0
1556	0.4550418257145247	1041.0
23768	0.4545694214383483	1042.0
93649	0.454443866163751	1043.0
5549	0.4534680069219098	1044.0
140876	0.4533986708098608	1045.5
387509	0.4533986708098608	1045.5
1717	0.4533714742445255	1047.5
6319	0.4533714742445255	1047.5
8343	0.4529581246588816	1049.0
4319	0.4528750540860948	1050.0
6590	0.4526757310544447	1051.0
253461	0.4525059328984409	1052.0
29119	0.4517733531481781	1053.0
2934	0.4512270753087581	1054.0
4314	0.4504042699325539	1055.0
4141	0.4494198729029399	1056.0
128218	0.4478034254823197	1057.0
6096	0.4459199655478253	1058.0
142	0.4457528497738588	1059.0
56963	0.4456311792513802	1060.0
2053	0.4450725127437796	1061.0
155066	0.4448534755905238	1062.0
80183	0.4448380602719413	1063.5
5654	0.4448380602719413	1063.5
54578	0.4437951689704219	1065.0
221895	0.4432887438796188	1067.0
204010	0.4432887438796188	1067.0
8091	0.4432887438796188	1067.0
858	0.4431069424927413	1069.0
283431	0.4425416367929617	1070.0
27161	0.4417662718395494	1071.0
11238	0.4413107572368195	1072.0
5832	0.4409060666435894	1073.0
79791	0.4402440523417285	1074.5
8061	0.4402440523417285	1074.5
54753	0.4395210577001135	1076.0
3956	0.4390986269840946	1077.0
55592	0.438788897246974	1078.0
100128285	0.4385167010509683	1079.0
8497	0.4381901785112301	1080.0
284217	0.4380058877141387	1081.0
81539	0.4378715719542688	1082.0
6036	0.4364536426944629	1083.0
2015	0.4363937389869273	1084.0
1159	0.4351749928509381	1085.5
548596	0.4351749928509381	1085.5
26227	0.4347245279701144	1087.0
4839	0.4345634332573295	1088.0
6236	0.433174233536602	1089.0
3491	0.4330823628316935	1090.0
2784	0.4325466161555302	1092.5
2792	0.4325466161555302	1092.5
10536	0.4325466161555302	1092.5
2788	0.4325466161555302	1092.5
125965	0.431509216033438	1096.5
2701	0.431509216033438	1096.5
10581	0.431509216033438	1096.5
6676	0.431509216033438	1096.5
3357	0.4313683453100623	1099.0
1114	0.4309066326721348	1100.5
2791	0.4309066326721348	1100.5
51232	0.4308214398815793	1102.0
60401	0.4305720292564813	1103.0
10912	0.4296000454910331	1104.0
4131	0.4295247698671952	1105.0
5396	0.4295203263288787	1106.0
100128191	0.42908903954499	1107.0
5818	0.4274085836565929	1108.0
9938	0.427243056086614	1109.0
53342	0.4265058943804254	1110.5
3589	0.4265058943804254	1110.5
6383	0.4249790127263144	1112.0
3305	0.4249771505274537	1114.0
3306	0.4249771505274537	1114.0
3310	0.4249771505274537	1114.0
79804	0.423074847561426	1116.0
3290	0.4209714347023348	1117.0
29949	0.4202134012139758	1120.0
26220	0.4202134012139758	1120.0
58985	0.4202134012139758	1120.0
91133	0.4202134012139758	1120.0
53833	0.4202134012139758	1120.0
2172	0.4201231420149126	1123.0
8722	0.4196396909068114	1124.5
349565	0.4196396909068114	1124.5
85479	0.4194142779020053	1126.0
3232	0.4193849984930772	1128.5
3233	0.4193849984930772	1128.5
3234	0.4193849984930772	1128.5
9891	0.4193849984930772	1128.5
654	0.4190749679460404	1131.5
269	0.4190749679460404	1131.5
4205	0.4190463565893232	1133.0
7108	0.4189540748859429	1134.0
6696	0.4187418896258288	1135.0
10014	0.4186561867842149	1136.0
55243	0.4183244694084312	1137.0
10107	0.41817819019141	1138.0
25890	0.4180267783913141	1139.0
11098	0.4171371342208112	1140.0
81553	0.4166173063435195	1141.0
8045	0.4163667211483048	1142.0
2330	0.4155342482365297	1143.0
3603	0.4147077585760033	1144.0
8336	0.4144054618154836	1145.0
9627	0.4127877244549119	1146.0
2826	0.412398895623169	1147.5
56477	0.412398895623169	1147.5
25896	0.4121430114062048	1149.0
56112	0.4120419461809985	1150.0
55107	0.4120160862804732	1151.0
4242	0.4116649437838439	1152.0
2208	0.4111235479455475	1153.0
25788	0.4108606348362839	1154.0
2056	0.4106409808633672	1155.0
145483	0.4101920895061665	1156.0
205	0.4097120057297613	1157.0
10810	0.4090725394889469	1158.0
85366	0.4086866987816942	1159.0
392255	0.4076852223025017	1160.5
653	0.4076852223025017	1160.5
27244	0.4076697428114706	1162.0
2040	0.4075793475592125	1163.0
1728	0.4060496535838515	1164.0
10344	0.4058036712741191	1165.0
911	0.4054965752501767	1166.0
2620	0.4049442111121151	1167.0
389840	0.4049068596585981	1168.0
55920	0.4044515468456187	1169.0
1489	0.4042734322068503	1171.0
85480	0.4042734322068503	1171.0
4352	0.4042734322068503	1171.0
10395	0.4026846981861343	1173.0
10440	0.4000562907335231	1174.0
7416	0.3994741567047377	1175.0
80194	0.3992315094526198	1176.0
84300	0.3949327784684422	1177.0
57419	0.3918459627619195	1178.0
3880	0.3900996608713773	1179.0
2121	0.3896201696735909	1180.0
1871	0.3868925220883692	1181.0
7409	0.3866876479743089	1182.0
26472	0.3837706750441018	1183.0
790955	0.3830623489476474	1184.0
2675	0.3821038418664383	1185.0
26090	0.3815716134418603	1186.0
3012	0.3808624232727239	1187.0
57496	0.3785779979730835	1188.0
221395	0.3745495039223867	1189.0
57205	0.3743850926793647	1190.0
51616	0.3743327627121196	1191.0
79081	0.3726900091163161	1192.0
51373	0.3706677823256612	1193.0
6495	0.3698941878334837	1194.5
3206	0.3698941878334837	1194.5
63939	0.3692510845164726	1196.0
8348	0.3681830285652073	1197.0
25802	0.368088277018905	1198.0
10983	0.3656454015125923	1199.0
57105	0.3637860507565584	1200.0
113655	0.3615780331647807	1201.0
5437	0.3608551597895065	1202.0
23411	0.3607694364442549	1203.0
4125	0.3604236338462678	1204.0
1525	0.3601807589378105	1205.0
4726	0.3597685120083724	1206.0
151230	0.3577855262475087	1207.0
83463	0.3577143967136031	1208.0
1316	0.3576915309881112	1209.0
2737	0.3569555269569669	1210.0
2194	0.3563554842248062	1211.0
84908	0.3562753947390916	1212.0
283643	0.3547373637490196	1213.0
100133991	0.3514816352447915	1214.0
8581	0.3512619104783513	1215.0
7043	0.3511430581393005	1216.0
144455	0.3479032970019475	1217.0
79652	0.34732187083479	1218.0
2313	0.3471170102260444	1219.0
11080	0.3469135337041568	1220.0
5368	0.3468954602432694	1221.0
8609	0.3461077875044741	1222.0
389072	0.3453022062287773	1223.0
26112	0.3435455080548021	1224.0
23371	0.3426042338904683	1225.0
55619	0.3407037238991044	1226.0
1830	0.3403185266608108	1227.0
54512	0.3396513564668656	1228.0
56300	0.3395225989425252	1229.5
26525	0.3395225989425252	1229.5
7782	0.3386843961557801	1231.0
1193	0.3385376298833052	1232.0
4580	0.337612461078661	1233.0
23077	0.3375151017794439	1234.0
10785	0.3372040534474705	1235.0
23136	0.3348884619811686	1236.0
2081	0.334205015133404	1237.0
1793	0.3333324616070954	1238.0
1999	0.332786467103622	1239.0
118881	0.3327583292495252	1240.0
29901	0.331752103445919	1241.0
149466	0.331616204520204	1242.0
8742	0.3308185081015099	1243.0
1364	0.3300048533742825	1244.0
54899	0.3299686093648584	1245.0
286262	0.3299256816526604	1246.0
257397	0.3287474010541492	1247.0
7200	0.328491946120129	1248.0
8270	0.3279172533136439	1249.0
64928	0.3275594708655647	1250.0
51016	0.3257616229843227	1251.0
2192	0.3255386164130424	1252.0
4548	0.3242501091476488	1253.0
84439	0.3230449349759267	1254.0
146057	0.3227233695465863	1255.0
221178	0.3225578776673531	1256.0
8345	0.3220071007586976	1257.0
56097	0.321891126342723	1258.0
151011	0.3217783685276464	1259.0
158358	0.3217600869197177	1260.0
256586	0.3214478894759169	1261.0
158880	0.3182681127903277	1262.0
132884	0.3171885359079071	1263.0
9881	0.3168126678334495	1264.0
2896	0.3158603480321405	1265.0
92312	0.3157745563375587	1266.0
3572	0.3152172284643648	1267.0
3336	0.3144292802036121	1268.0
1674	0.3137616206966389	1269.0
6698	0.31319184863621	1270.0
4090	0.312339803931549	1271.0
2065	0.3122302348476327	1272.0
162655	0.3112229781461283	1273.0
85235	0.3110400312753894	1274.0
6895	0.3101807275646778	1275.0
1777	0.3096822318328174	1276.0
7543	0.3071487446150429	1277.0
83956	0.3063376208947159	1278.0
160760	0.3052992791437594	1279.5
259282	0.3052992791437594	1279.5
375033	0.3051988667189	1281.0
55753	0.3051715641472007	1282.0
57600	0.3048531940672689	1283.0
5603	0.304771236206722	1284.0
1264	0.3047193583548062	1285.0
6273	0.3033187919601073	1286.0
283349	0.3032229392632307	1287.0
10166	0.3027237922231034	1288.0
8357	0.3017299189683614	1289.0
340075	0.3013461555534209	1290.0
4649	0.300312638533213	1291.0
9033	0.2993796492869167	1292.0
89958	0.2986559620418341	1293.0
1978	0.2979713532101336	1294.0
79713	0.2971870081920562	1295.0
7223	0.2970077592963788	1296.0
53827	0.2966670647564966	1297.0
8355	0.2966474465421235	1298.0
79071	0.296611609588321	1300.0
83401	0.296611609588321	1300.0
9200	0.296611609588321	1300.0
373	0.2964944918025475	1302.0
29923	0.2961528837185005	1303.0
9253	0.2956405921184957	1304.0
51629	0.2951769543438041	1305.0
7450	0.2939816123408199	1306.0
200895	0.2936918586103835	1307.0
84220	0.2931554767628542	1308.0
5311	0.2916038410930419	1309.0
26212	0.2915833261872255	1310.0
26031	0.2894523306215301	1311.0
126695	0.2892944523071725	1312.0
7414	0.2892791870331825	1313.0
4958	0.2891098751366672	1314.0
11215	0.2888513779379467	1315.0
92689	0.2882976280823746	1316.0
23389	0.2881938820025809	1317.0
3664	0.2874489260179469	1318.0
10060	0.2872576915060241	1319.0
8970	0.2871243680776755	1321.0
126961	0.2871243680776755	1321.0
8358	0.2871243680776755	1321.0
64123	0.2870666554571655	1323.0
65249	0.2870412042902982	1324.0
9853	0.2866671906128767	1325.0
90586	0.285856467788669	1326.0
4919	0.2849658955876007	1327.0
8332	0.2847763309576032	1328.0
10486	0.2847048174148048	1329.0
284612	0.2846834030342373	1330.0
55157	0.2846565964343506	1331.0
2014	0.2845977691880716	1332.0
221037	0.2843964787557357	1333.0
56547	0.2841948056837416	1334.0
54845	0.2839305743622777	1335.0
23650	0.2834191905598922	1336.0
80314	0.2832718453387028	1337.0
4033	0.2817996007507609	1338.0
1875	0.2810014954791645	1339.0
8528	0.2800734863106169	1340.0
6886	0.2799610015767236	1341.0
54998	0.2798409758843824	1342.0
152006	0.2796092430405782	1343.0
5139	0.2793966404297441	1344.0
4855	0.2791825965343352	1345.0
388403	0.2788224672515256	1346.0
57523	0.2786808784967087	1348.5
89766	0.2786808784967087	1348.5
57758	0.2786808784967087	1348.5
25758	0.2786808784967087	1348.5
122618	0.2786405014232853	1351.0
6362	0.2784017433608555	1352.0
388714	0.2775295847831753	1353.0
54587	0.2773515721513039	1354.0
92285	0.2757674780554232	1355.0
375287	0.2757520027167442	1356.0
10053	0.2756487978377135	1357.0
257019	0.2755150117301766	1358.0
51313	0.2754137544658391	1359.0
26524	0.2753820480515278	1360.0
7082	0.2751729877752064	1361.0
1136	0.275085291973187	1362.0
10	0.2747131139817893	1363.0
4099	0.274612086885226	1364.0
25832	0.2739600642421096	1365.0
225	0.2737929373405217	1366.0
10451	0.2737357636836262	1367.0
85352	0.273476541620589	1368.0
947	0.2732949412990368	1369.0
54329	0.273225833511141	1370.0
6183	0.2727876432806877	1371.0
25953	0.2722248446987218	1372.0
10129	0.2718718578512372	1373.0
2041	0.2717987893840721	1374.0
5118	0.2716621824430829	1375.0
1373	0.2710230688541987	1377.0
2875	0.2710230688541987	1377.0
84706	0.2710230688541987	1377.0
56475	0.2710230688541065	1381.5
9540	0.2710230688541065	1381.5
55240	0.2710230688541065	1381.5
6615	0.2710230688541065	1381.5
79755	0.2710230688541065	1381.5
200058	0.2710230688541065	1381.5
386617	0.2709606913904137	1385.0
65263	0.2702533995150086	1386.0
8411	0.2695371143017186	1387.0
57515	0.2693572176253345	1388.0
22918	0.2693125256597941	1389.0
22901	0.2692695441443166	1392.0
4036	0.2692695441443166	1392.0
55353	0.2692695441443166	1392.0
3757	0.2692695441443166	1392.0
5641	0.2692695441443166	1392.0
9563	0.2692695441443086	1395.0
2810	0.2688749939705149	1396.0
2323	0.268838964640274	1397.0
27294	0.2667418365666159	1398.0
9867	0.2665617609717013	1399.0
2171	0.2659247939521197	1402.0
1622	0.2659247939521197	1402.0
128178	0.2659247939521197	1402.0
729359	0.2659247939521197	1402.0
391123	0.2659247939521197	1402.0
79987	0.2659094465522427	1405.0
5028	0.2655601960870035	1406.0
1048	0.2649055810566947	1407.0
366	0.2644204014306918	1408.0
1757	0.2643265274531763	1410.0
9945	0.2643265274531763	1410.0
11247	0.2643265274531763	1410.0
3854	0.2640867652266249	1412.0
931	0.2640858632857489	1413.0
6583	0.2612630797608208	1416.0
284440	0.2612630797608208	1416.0
653639	0.2612630797608208	1416.0
2819	0.2612630797608208	1416.0
196051	0.2612630797608208	1416.0
85301	0.2600502183623907	1419.0
7077	0.2593731517544675	1420.0
9590	0.2591090428221049	1421.0
284338	0.2584143217349566	1422.0
7037	0.2577919619419254	1423.0
472	0.2577073925182065	1424.0
50848	0.2572459880163344	1425.0
11279	0.2569630503762191	1427.0
83992	0.2569630503762191	1427.0
8739	0.2569630503762191	1427.0
25932	0.2567895763781332	1429.0
26224	0.2556636408620945	1430.0
4758	0.2555998508428914	1431.0
10553	0.255599850842883	1432.0
115019	0.2555998508428664	1436.0
65010	0.2555998508428664	1436.0
4025	0.2555998508428664	1436.0
9068	0.2555998508428664	1436.0
2331	0.2555998508428664	1436.0
2258	0.2555998508428664	1436.0
5308	0.2555998508428664	1436.0
130132	0.2555363967163866	1440.0
284119	0.2553254782919644	1441.0
3158	0.2552641177048915	1442.0
200894	0.254495095459428	1443.0
7018	0.2542686582405769	1444.0
29113	0.2539346885690343	1445.0
79444	0.2536145520736763	1446.0
55529	0.2530255852121951	1447.0
6272	0.2529678485125633	1448.0
5625	0.2529678485124828	1451.5
79814	0.2529678485124828	1451.5
1160	0.2529678485124828	1451.5
113451	0.2529678485124828	1451.5
1158	0.2529678485124828	1451.5
112849	0.2529678485124828	1451.5
81607	0.2529269860510715	1455.0
715	0.2525570003764703	1456.0
23515	0.2525490551204195	1457.0
4023	0.2521167753616136	1459.0
1593	0.2521167753616136	1459.0
8309	0.2521167753616136	1459.0
250	0.2519721152991729	1461.0
286887	0.2518188960468808	1462.0
9131	0.2516959203947136	1463.0
9289	0.2516867283050804	1464.0
57514	0.2512774594629683	1465.0
4318	0.2512757509518842	1466.0
22821	0.2508812223388813	1467.0
95	0.2506133204165853	1468.0
51804	0.2505835953670895	1469.0
495	0.2504514832391555	1470.5
479	0.2504514832391555	1470.5
56925	0.2504514832391471	1474.5
339451	0.2504514832391471	1474.5
1565	0.2504514832391471	1474.5
11001	0.2504514832391471	1474.5
83742	0.2504514832391471	1474.5
81617	0.2504514832391471	1474.5
5590	0.2502348685325005	1478.0
9353	0.2498470244973332	1479.0
3373	0.2498391667821631	1481.0
252995	0.2498391667821631	1481.0
8372	0.2498391667821631	1481.0
203430	0.2497334318803261	1483.0
80114	0.2488048258384541	1484.0
64118	0.2486667214791043	1485.0
441631	0.2486538841611279	1486.0
3713	0.2484843251953986	1487.0
4675	0.2483751453038265	1488.0
353500	0.2482239461749847	1489.0
57111	0.248088191389527	1490.0
6707	0.2477812303962074	1491.0
79800	0.2474815553677846	1492.0
65998	0.2474384454771429	1493.0
254956	0.2474351368853215	1494.0
136853	0.2468925473294506	1495.0
25984	0.2468706543827184	1498.5
3852	0.2468706543827184	1498.5
2852	0.2468706543827184	1498.5
8688	0.2468706543827184	1498.5
3963	0.2468706543827184	1498.5
653499	0.2468706543827184	1498.5
10004	0.2466685425181944	1502.0
9194	0.2465696620945985	1503.0
89795	0.2463503741048778	1504.0
4660	0.2459561751289578	1505.0
3399	0.2457241379654345	1506.5
3400	0.2457241379654345	1506.5
140609	0.2453087736926159	1508.0
8925	0.2452849982990066	1509.0
29958	0.2447642331465045	1510.0
79685	0.2445994850032785	1511.5
864	0.2445994850032785	1511.5
326624	0.2439873926657592	1513.0
157680	0.2436171049323258	1514.0
5350	0.2436055198204696	1515.0
43	0.2434957826771853	1519.0
255743	0.2434957826771853	1519.0
2814	0.2434957826771853	1519.0
9899	0.2434957826771853	1519.0
80144	0.2434957826771853	1519.0
60482	0.2434957826771853	1519.0
4277	0.2434957826771853	1519.0
29760	0.2430378225160191	1523.0
203328	0.2430267437774956	1524.0
57486	0.2429163850391223	1525.0
79745	0.2427711955748575	1527.0
4199	0.2427711955748575	1527.0
10873	0.2427711955748575	1527.0
196527	0.242751524390179	1529.0
6337	0.2427167930356864	1530.0
24141	0.2425658030404806	1531.0
79784	0.2423687751646243	1532.0
149478	0.2414295861611831	1533.0
84803	0.2413478593230256	1535.0
79888	0.2413478593230256	1535.0
150763	0.2413478593230256	1535.0
6926	0.2408362421736856	1537.0
3690	0.2406208053331162	1538.0
8625	0.2403505850430394	1539.0
65989	0.2403020796929902	1541.0
6597	0.2403020796929902	1541.0
8193	0.2403020796929902	1541.0
9618	0.2397859171982953	1543.0
23731	0.2395689413688038	1544.0
90952	0.2395224088980728	1545.0
5016	0.2394963543115092	1546.0
345079	0.2393727983385926	1547.0
578	0.2393209133558286	1548.0
5346	0.2392741254647507	1549.0
5322	0.2392741254647048	1551.0
5320	0.2392741254647048	1551.0
50487	0.2392741254647048	1551.0
72	0.2390738804447114	1553.0
7161	0.2385983932042952	1554.0
6276	0.2385913997516978	1555.0
84798	0.238534572401828	1556.0
376940	0.2384956406731037	1557.0
652	0.2383866341342869	1558.0
374393	0.2381966566548477	1559.0
3853	0.2380541008374841	1560.0
79785	0.2378379693094683	1561.0
9047	0.2374134783367402	1562.0
91754	0.2372690510861295	1563.0
285600	0.2371214429232314	1564.0
57139	0.2362907015524705	1568.0
27127	0.2362907015524705	1568.0
146771	0.2362907015524705	1568.0
1028	0.2362907015524705	1568.0
130340	0.2362907015524705	1568.0
79173	0.2362907015524705	1568.0
51072	0.2362907015524705	1568.0
91703	0.2361977943052512	1572.0
2059	0.2359144073098196	1573.0
84261	0.2356429837291609	1574.0
51439	0.2355635535004537	1575.0
113835	0.2355213221934977	1576.0
147920	0.2355135303402715	1577.0
79781	0.2354245476857007	1578.0
84909	0.2353277132804392	1579.5
114757	0.2353277132804392	1579.5
2683	0.2346348276577036	1581.0
85417	0.2343795515929031	1582.0
619279	0.23380718798824	1583.0
839	0.2334457097906209	1584.0
377841	0.2332144299488701	1585.5
953	0.2332144299488701	1585.5
23401	0.2330403190700549	1587.5
55841	0.2330403190700549	1587.5
162979	0.2329515570065452	1589.0
3236	0.2329421320712633	1590.0
389333	0.2327432931016446	1591.0
4916	0.2325257072158114	1592.0
11184	0.2322728970951557	1593.0
1015	0.2316190874812105	1595.0
4583	0.2316190874812105	1595.0
119467	0.2316190874812105	1595.0
3037	0.2314199371404182	1597.0
10260	0.2311563893913204	1598.0
154661	0.2310481835518207	1599.0
55851	0.230926421050071	1600.0
147463	0.2307254168486613	1608.5
1013	0.2307254168486613	1608.5
55022	0.2307254168486613	1608.5
27147	0.2307254168486613	1608.5
3787	0.2307254168486613	1608.5
6425	0.2307254168486613	1608.5
4359	0.2307254168486613	1608.5
374491	0.2307254168486613	1608.5
1475	0.2307254168486613	1608.5
57863	0.2307254168486613	1608.5
4267	0.2307254168486613	1608.5
4920	0.2307254168486613	1608.5
2487	0.2307254168486613	1608.5
4355	0.2307254168486613	1608.5
1002	0.2307254168486613	1608.5
23551	0.2307254168486613	1608.5
474344	0.230015859471939	1617.0
254552	0.2300063569431366	1618.0
10158	0.2298717022450202	1619.0
4685	0.2298442827405283	1620.5
4684	0.2298442827405283	1620.5
646405	0.22966952540294	1622.0
51561	0.2294703935419013	1623.0
11164	0.2289902060676241	1624.0
83481	0.2285855173682887	1625.0
6424	0.2285554074976571	1626.0
2308	0.2285440165150333	1627.0
359845	0.2281180714974161	1629.0
29993	0.2281180714974161	1629.0
114800	0.2281180714974161	1629.0
54836	0.2278113213382398	1631.0
3600	0.2276147237859502	1632.0
7421	0.2272722632423022	1633.0
283856	0.2266819078226978	1634.0
11309	0.2258209807582812	1635.0
8777	0.2257135677318718	1636.0
27098	0.225613537654379	1638.5
116496	0.225613537654379	1638.5
26137	0.225613537654379	1638.5
653857	0.225613537654379	1638.5
11069	0.2253820530188611	1641.0
645090	0.2250845339857391	1642.0
1644	0.224975326726106	1643.0
55901	0.2241915478708895	1644.0
2294	0.2239937048531405	1645.0
7430	0.2236185230756723	1646.0
10203	0.2234856131444441	1647.0
2842	0.2225693847790756	1648.0
266727	0.2224190301359706	1651.5
27086	0.2224190301359706	1651.5
7168	0.2224190301359706	1651.5
10184	0.2224190301359706	1651.5
399726	0.2224190301359706	1651.5
4363	0.2224190301359706	1651.5
7136	0.2216443719398094	1666.0
5218	0.2216443719398094	1666.0
59353	0.2216443719398094	1666.0
57549	0.2216443719398094	1666.0
57536	0.2216443719398094	1666.0
54738	0.2216443719398094	1666.0
154091	0.2216443719398094	1666.0
10742	0.2216443719398094	1666.0
56122	0.2216443719398094	1666.0
3203	0.2216443719398094	1666.0
30012	0.2216443719398094	1666.0
220963	0.2216443719398094	1666.0
5090	0.2216443719398094	1666.0
222166	0.2216443719398094	1666.0
3195	0.2216443719398094	1666.0
8842	0.2216443719398094	1666.0
93273	0.2216443719398094	1666.0
3202	0.2216443719398094	1666.0
139599	0.2216443719398094	1666.0
1991	0.2216443719398094	1666.0
3204	0.2216443719398094	1666.0
7102	0.2216443719398094	1666.0
4613	0.2216443719398094	1666.0
4824	0.2216443719397206	1678.0
5027	0.220703977291483	1679.0
116224	0.2207000517450666	1680.0
259307	0.2206015362751895	1681.0
29964	0.2205541799725828	1682.0
2720	0.2204530333217947	1683.0
1468	0.220400964069126	1684.0
57530	0.2203701186404672	1685.0
27253	0.2202512357982623	1686.0
116285	0.2201038619382847	1687.0
79901	0.2196036995874039	1688.0
8356	0.2193738677999734	1689.0
4311	0.2187949774209173	1690.0
7466	0.2186735405455663	1691.0
127687	0.218256548892831	1692.0
79098	0.2182533634986607	1693.0
7137	0.2182125870344169	1694.0
5522	0.2180481518945539	1695.0
1959	0.2179789191060666	1696.0
2312	0.2179024721007474	1697.0
353219	0.2178871236260304	1698.0
3418	0.2177393299391383	1699.0
56107	0.2176129607941035	1700.0
1396	0.2172508301252958	1701.0
348654	0.2167940458743541	1702.0
79632	0.2167201117228096	1703.0
3779	0.2165606223235469	1704.0
10408	0.2164699366172286	1705.0
115727	0.2163121428366618	1706.0
81846	0.2162174453604151	1707.0
55111	0.2160370289107598	1708.0
5165	0.2159093802924918	1709.0
3595	0.2155201534489208	1710.0
283989	0.2151654995607211	1711.0
10484	0.214827447151945	1712.0
90203	0.2144028830781469	1713.0
333	0.2140114216120392	1714.0
23024	0.2135155811692299	1715.0
5295	0.2133440208276956	1716.0
2735	0.2132864047029791	1717.0
152	0.213028653262769	1718.0
7145	0.2126409926865421	1719.0
10437	0.2121933650037829	1720.0
575	0.2120075014347199	1721.0
9104	0.2119674417038608	1722.0
3087	0.2119156710214632	1723.5
54988	0.2119156710214632	1723.5
10491	0.2116539756399799	1725.0
8490	0.2114034087070817	1726.0
51751	0.2112958609255337	1727.0
11341	0.2112742953047931	1728.0
55742	0.2109939133376049	1729.0
374897	0.2108932812427514	1730.0
388228	0.2104294865884576	1731.0
79646	0.2099198258399467	1732.0
100270804	0.20988063778676	1733.0
85449	0.2097605335149044	1734.0
286	0.2096924992465386	1736.0
2719	0.2096924992465386	1736.0
287	0.2096924992465386	1736.0
10194	0.2096197058246055	1738.0
3082	0.2094813559927815	1739.0
22871	0.209314495257236	1740.0
283807	0.2092184170070251	1741.0
4325	0.2090403823360474	1742.0
4066	0.2089429039222518	1743.0
8703	0.208129363900263	1744.0
8811	0.2079706379616818	1746.5
83464	0.2079706379616818	1746.5
352909	0.2079706379616818	1746.5
225689	0.2079706379616818	1746.5
202181	0.2078910871851142	1749.0
80896	0.2078083000768274	1750.0
117854	0.2078069211756952	1751.0
650	0.2077851604884127	1752.0
283991	0.207739790507652	1753.0
51101	0.2070794727199696	1754.0
10417	0.2069695691652817	1755.0
253868	0.2066178643404893	1756.0
7060	0.2065420042925704	1757.0
54714	0.2065420042925606	1760.5
3991	0.2065420042925606	1760.5
6662	0.2065420042925606	1760.5
610	0.2065420042925606	1760.5
1258	0.2065420042925606	1760.5
10021	0.2065420042925606	1760.5
354	0.2061797735277182	1764.0
126321	0.2060785765390416	1765.0
2731	0.2060446131802864	1766.0
7127	0.2059369012360621	1767.0
8916	0.2058539933785373	1768.0
6041	0.2057933011284127	1769.0
126549	0.205698121218159	1770.0
388931	0.2049689130854809	1771.0
9526	0.2047845341309452	1772.0
10266	0.2046661085903741	1773.0
51268	0.204521910875097	1774.0
10105	0.2041197566950303	1775.0
390616	0.2037540508177314	1776.0
57835	0.2023445531791027	1777.0
1564	0.2023060492820831	1778.5
260294	0.2023060492820831	1778.5
6690	0.2020344779831799	1780.5
10083	0.2020344779831799	1780.5
26287	0.2018693230251457	1782.0
63943	0.2017926955477174	1783.0
127254	0.2017772418873323	1784.0
155	0.201318025920315	1785.5
100073347	0.201318025920315	1785.5
6750	0.2012575073913943	1787.0
1131	0.200553403597725	1788.0
91828	0.2005084656676372	1790.0
80761	0.2005084656676372	1790.0
4222	0.2005084656676372	1790.0
2357	0.2004654660413789	1792.0
2346	0.2001774867673236	1793.0
364	0.2000496756281317	1794.0
6699	0.1999900539479076	1795.0
26502	0.1999865077917168	1796.0
487	0.1998534758386947	1797.5
2890	0.1998534758386947	1797.5
5797	0.1998501582755324	1799.0
284716	0.1998359207247537	1800.0
1081	0.199788780392911	1801.0
23601	0.1995945536577823	1802.0
9368	0.1995090980565161	1805.0
54626	0.1995090980565161	1805.0
23779	0.1995090980565161	1805.0
2125	0.1995090980565161	1805.0
27175	0.1995090980565161	1805.0
10501	0.199482367320402	1808.0
9545	0.1994180700236249	1809.0
651	0.1989529417751667	1817.0
132160	0.1989529417751667	1817.0
56169	0.1989529417751667	1817.0
2660	0.1989529417751667	1817.0
2662	0.1989529417751667	1817.0
9518	0.1989529417751667	1817.0
23129	0.1989529417751667	1817.0
132014	0.1989529417751667	1817.0
785	0.1989529417751667	1817.0
4071	0.1989529417751667	1817.0
84867	0.1989529417751667	1817.0
51554	0.1989529417751667	1817.0
79413	0.1989529417751667	1817.0
8784	0.1989529417751667	1817.0
10903	0.1989529417751667	1817.0
1813	0.1988738366446958	1825.0
55970	0.1988518041965597	1826.0
9936	0.1988439219145099	1827.0
10365	0.198714468681942	1828.0
3235	0.1985789913435843	1829.0
51256	0.1984734622838693	1830.0
395	0.1984366896534525	1831.0
56944	0.1981733981976838	1832.0
2893	0.198035342054456	1833.0
