KEGG_ID	KEGG_Name	methods	BLCA	KICH	PRAD	BRCA	KIRC	READ	COAD	STAD	LIHC	THCA	LUAD	UCEC	HNSC	LUSC	CESC	CHOL	metaz
hsa00010	Glycolysis / Gluconeogenesis	Gscore_fdrq	0	0	0	0	0	0	0	0	38.40506144	0	2.50355784	0	0	0	0	6.342278429	11.81272443
hsa00020	Citrate cycle (TCA cycle)	Gscore_fdrq	0	24.81060095	0	0	0	0	0	0	23.3042914	1.812157158	0	0	0	0	0	10.53926836	15.11657947
hsa00030	Pentose phosphate pathway	Gscore_fdrq	0	0	10.57256074	0	0	0	0	0	19.59077109	0	0	0	2.148137814	0	0	0	8.077867409
hsa00190	Oxidative phosphorylation	Gscore_fdrq	0	38.40506144	0	0	30.64998815	0	0	0	0	0	0	38.40506144	2.387699602	0	0	15.96867692	31.45412189
hsa00250	Alanine, aspartate and glutamate metabolism	Gscore_fdrq	2.331377868	0	0	0	0	0	0	0	7.868050561	0	0	0	0	0	0	9.732865474	4.983073476
hsa00260	Glycine, serine and threonine metabolism	Gscore_fdrq	0	0	6.536433017	0	0	0	0	0	33.93797348	0	0	0	0	0	2.564507077	27.43697089	17.61897112
hsa00330	Arginine and proline metabolism	Gscore_fdrq	0	6.63789933	0	0	0	0	0	0	0	0	0	0	0	0	0	0	1.659474832
hsa00564	Glycerophospholipid metabolism	Gscore_fdrq	0	0	0	0	10.7554412	0	0	0	0	0	0	0	12.07562387	0	0	0	5.707766267
hsa00980	Metabolism of xenobiotics by cytochrome P450	Gscore_fdrq	0	0	0	0	0	0	0	0	13.07276261	27.23539633	1.935286321	0	0	0	0	24.40417866	16.66190598
hsa01212	Fatty acid metabolism	Gscore_fdrq	0	12.82754679	0	0	0	0	0	0	38.40506144	0	0	0	0	0	0	7.208440637	14.61026222
hsa03022	Basal transcription factors	Gscore_fdrq	0	6.786083298	0	0	0	0	0	0	0	0	0	0	0	0	0	0	1.696520824
hsa03320	PPAR signaling pathway	Gscore_fdrq	0	0	0	0	0	0	0	0	38.40506144	0	0	0	0	0	0	23.14797381	15.38825881
hsa04010	MAPK signaling pathway	Gscore_fdrq	34.69848159	38.40506144	38.40506144	23.57088751	3.031758009	38.40506144	38.40506144	38.40506144	0	0	0	0	22.82376493	38.40506144	21.37660482	0	83.98296637
hsa04020	Calcium signaling pathway	Gscore_fdrq	38.40506144	0	38.40506144	0	0	38.40506144	38.40506144	38.40506144	0	0	0	0	38.40506144	11.19531045	38.40506144	0	70.00768513
hsa04024	cAMP signaling pathway	Gscore_fdrq	5.080244961	0	5.404432526	0	0	14.37090492	27.39578237	38.40506144	0	0	0	0	7.645423011	0	6.134127088	0	26.10899408
hsa04060	Cytokine-cytokine receptor interaction	Gscore_fdrq	6.178832149	0	0	0	38.40506144	15.28407591	24.16215671	0	0	26.45859179	2.0542252	0	0	38.40506144	0	0	37.73700116
hsa04062	Chemokine signaling pathway	Gscore_fdrq	38.40506144	32.63598486	0	6.63431226	38.40506144	38.40506144	38.40506144	0	0	23.69564477	30.45425109	0	0	38.40506144	13.03126635	0	74.61919163
hsa04064	NF-kappa B signaling pathway	Gscore_fdrq	18.71775235	38.40506144	8.702279344	7.065781912	38.40506144	38.40506144	38.40506144	0	0	34.49763676	9.90138267	11.84538924	0	38.40506144	0	0	70.68888236
hsa04066	HIF-1 signaling pathway	Gscore_fdrq	22.10266044	38.40506144	35.47544046	16.98506331	0	21.97487457	38.40506144	0	0	0	4.67821257	0	12.18740393	0	6.418591657	7.030596838	50.91574166
hsa04110	Cell cycle	Gscore_fdrq	21.94296118	0	0	38.40506144	0	0	0	38.40506144	38.40506144	0	38.40506144	38.40506144	30.7904423	0	0	0	61.18967767
hsa04115	p53 signaling pathway	Gscore_fdrq	0	0	0	30.00167691	0	0	0	7.672451471	9.534843788	5.367592217	35.75276625	28.71816026	8.18688719	0	0	0	31.30859452
hsa04142	Lysosome	Gscore_fdrq	5.2762191	6.487676832	0	0	17.01277525	0	0	0	0	25.85262374	24.37700912	0	0	27.35683523	0	0	26.59078482
hsa04150	mTOR signaling pathway	Gscore_fdrq	0	38.40506144	0	7.72203362	0	4.494477572	0	0	0	17.5812477	0	10.97870819	0	0	0	0	19.79538213
hsa04151	PI3K-Akt signaling pathway	Gscore_fdrq	38.40506144	30.24675487	38.40506144	32.64877465	0	38.40506144	38.40506144	22.48298688	0	11.84459952	19.30005384	0	32.47128367	38.40506144	38.40506144	32.79674677	103.0553922
hsa04210	Apoptosis	Gscore_fdrq	0	0	0	0	10.7242418	13.39925593	11.28129559	3.901135737	8.66288293	23.10880053	33.96213608	38.17666633	0	18.80246819	0	0	40.50472078
hsa04310	Wnt signaling pathway	Gscore_fdrq	10.87132877	0	38.40506144	11.41458637	0	19.42363837	37.07852107	22.93686368	0	0	0	0	0	0	6.642454138	0	36.69311346
hsa04330	Notch signaling pathway	Gscore_fdrq	0	38.40506144	0	18.84036995	12.27347303	6.091215288	5.760223483	0	0	0	0	0	0	0	5.868468496	8.696590613	23.98385058
hsa04340	Hedgehog signaling pathway	Gscore_fdrq	9.627568181	10.83304761	38.40506144	15.61443208	0	38.40506144	38.40506144	38.40506144	0	4.268290711	0	0	5.214719302	0	0	2.555023632	50.43333182
hsa04350	TGF-beta signaling pathway	Gscore_fdrq	28.06721368	0	3.857225764	14.729494	0	0	0	12.43114708	0	0	0	14.09266286	2.771440825	0	32.97553904	9.131311205	29.51400861
hsa04370	VEGF signaling pathway	Gscore_fdrq	0	32.23559605	2.367097583	2.204875487	12.00249013	19.4998606	37.64406674	0	0	0	0	19.73562233	0	0	0	0	31.42240223
hsa04510	Focal adhesion	Gscore_fdrq	38.40506144	22.49006193	38.40506144	38.40506144	0	38.40506144	38.40506144	38.40506144	0	25.94526486	5.257784419	31.98942817	38.40506144	31.68274065	38.40506144	24.86912301	112.3687236
hsa04512	ECM-receptor interaction	Gscore_fdrq	38.40506144	0	25.22750318	37.83008767	0	38.40506144	38.40506144	15.54206113	0	20.29557991	0	0	33.06228976	5.706375748	38.40506144	38.40506144	82.42230114
hsa04514	Cell adhesion molecules	Gscore_fdrq	38.40506144	0	9.628062108	36.73155333	38.40506144	38.40506144	38.40506144	38.40506144	0	0	38.40506144	0	15.29219762	38.40506144	38.40506144	23.08803385	97.9950846
hsa04520	Adherens junction	Gscore_fdrq	18.44576701	38.40506144	38.40506144	26.32533723	9.312355615	25.52954009	0	12.9283272	0	38.40506144	0	1.884272498	13.98562941	20.52491341	0	21.7182061	66.46738322
hsa04620	Toll-like receptor signaling pathway	Gscore_fdrq	0	14.45066054	0	0	38.40506144	38.40506144	38.40506144	0	0	0	7.943257045	0	0	38.40506144	0	0	44.00354083
hsa04630	JAK-STAT signaling pathway	Gscore_fdrq	4.656237441	27.70076754	31.15392933	0	37.09909502	1.958332681	34.79383306	0	0	8.009537399	4.845105004	13.59010072	0	38.40506144	9.387641917	7.167635489	54.69181926
hsa04660	T cell receptor signaling pathway	Gscore_fdrq	6.33615326	11.49987203	13.20977773	0	38.40506144	38.40506144	38.40506144	0	0	0	12.59369721	2.780684553	0	38.40506144	0	0	50.01010763
hsa04662	B cell receptor signaling pathway	Gscore_fdrq	34.25655971	25.31021021	14.6251186	0	38.40506144	38.40506144	38.40506144	0	0	0	31.81324789	12.1006654	0	38.40506144	0	0	67.93151189
hsa04810	Regulation of actin cytoskeleton	Gscore_fdrq	38.40506144	20.86630047	38.40506144	14.40683007	18.67022245	38.40506144	38.40506144	38.40506144	0	3.521911775	11.48322785	36.57175481	31.03946631	38.40506144	36.37189153	16.02392251	104.8464741
hsa04915	Estrogen signaling pathway	Gscore_fdrq	0	0	0	0	0	12.77291678	18.03525119	20.87339611	0	27.14031885	0	0	0	0	6.329071001	0	21.28773848
hsa05160	Hepatitis C	Gscore_fdrq	0	0	0	0	0	0	0	0	0	10.43613677	0	2.517665548	0	0	0	0	3.23845058
hsa05161	Hepatitis B	Gscore_fdrq	6.279868186	16.26463013	0	18.89212512	20.8993258	14.52544607	1.668408928	0	15.71515561	7.721303585	30.42845419	16.47534663	0	14.754314	0	2.951903863	41.64407053
hsa05165	Human papillomavirus infection	Gscore_fdrq	11.60057782	38.40506144	11.88671336	25.95352789	2.350773718	38.40506144	15.24950512	0	0	32.65589191	0	11.79174027	25.8509883	0	25.33878493	21.77559594	65.31605553
hsa05166	Human T-cell leukemia virus 1 infection	Gscore_fdrq	0	15.52615451	0	33.67780462	38.40506144	23.29860317	37.1787618	22.8415605	24.57127399	5.850594286	38.40506144	35.36599256	1.907127992	38.40506144	0	0	78.85826444
hsa05167	Kaposi sarcoma-associated herpesvirus infection	Gscore_fdrq	0	16.75902864	4.505241411	11.85467249	31.90036471	38.40506144	38.40506144	0	0	16.45806775	22.3378369	15.72755877	0	38.40506144	0	0	58.68948874
hsa05169	Epstein-Barr virus infection	Gscore_fdrq	7.970467609	37.1873734	4.232922572	5.603789641	38.40506144	38.40506144	38.40506144	0	0	10.38591343	38.40506144	2.775881451	0	38.40506144	0	0	65.04541382
hsa05200	Pathways in cancer	Gscore_fdrq	31.13263376	26.81503377	38.15662155	29.02850127	17.90929286	28.29429081	23.76570963	25.04539537	0	13.88061912	13.23657024	8.64324979	25.90795848	38.40506144	38.40506144	0	89.65649988
hsa05202	Transcriptional misregulation in cancer	Gscore_fdrq	0	3.234669625	13.36236337	26.88330755	20.00815084	38.40506144	38.40506144	0	0	16.96451034	10.02382143	11.97147721	0	26.57680933	7.337489825	0	53.2931806
hsa05203	Viral carcinogenesis	Gscore_fdrq	0	7.390961876	0	0	10.97972515	0	0	0	11.52647277	0	9.83214386	12.86678187	0	0	0	0	13.14902138
hsa05204	Chemical carcinogenesis - DNA adducts	Gscore_fdrq	3.829432781	0	0	0	0	0	0	0	4.071102644	9.622596605	0	0	0	0	0	16.86710759	8.597559904
hsa05205	Proteoglycans in cancer	Gscore_fdrq	38.40506144	14.59902149	38.40506144	33.67461294	0	38.40506144	38.40506144	26.73133365	0	33.67168825	0	19.28925329	37.96181513	0	23.41046645	5.913916524	87.21808837
hsa05206	MicroRNAs in cancer	Gscore_fdrq	38.40506144	38.34606534	38.40506144	38.40506144	0	13.07967723	0	24.03268154	20.46881909	19.67706735	33.21447139	38.40506144	7.367852728	0	21.97073602	0	82.94440411
hsa05207	Chemical carcinogenesis - receptor activation	Gscore_fdrq	0	0	0	0	0	0	0	38.40506144	5.110100393	0	0	0	0	0	0	18.95560665	15.61769212
hsa05208	Chemical carcinogenesis - reactive oxygen species	Gscore_fdrq	0	26.14461057	0	0	3.486437893	0	0	0	0	0	0	38.40506144	0	0	0	6.718688429	18.68869958
hsa05210	Colorectal cancer	Gscore_fdrq	0	7.609332001	0	0	0	0	0	7.59253748	0	10.09501182	0	0	0	0	0	0	6.324220325
hsa05211	Renal cell carcinoma	Gscore_fdrq	8.291102044	20.50735165	34.10507581	0	2.091021988	0	0	0	0	0	0	0	0	0	9.514954081	0	18.62737639
hsa05214	Glioma	Gscore_fdrq	27.92983305	30.31863158	15.21870958	23.22271416	0	14.97029309	19.22599705	0	0	0	0	17.30772741	11.86946437	0	13.76982394	0	43.45829855
hsa05215	Prostate cancer	Gscore_fdrq	38.40506144	28.77067611	25.52965192	31.23551977	0	23.21536813	27.93050283	8.999226858	6.683895724	13.93695431	19.48987283	20.69625023	10.0101326	0	24.67500399	22.31710057	75.47380433
hsa05216	Thyroid cancer	Gscore_fdrq	0	0	20.19228499	0	0	0	0	0	0	0	0	0	0	0	0	0	5.048071248
hsa05219	Bladder cancer	Gscore_fdrq	5.619861939	0	0	0	0	0	0	0	0	0	0	18.19186406	0	0	4.674306589	0	7.121508148
hsa05221	Acute myeloid leukemia	Gscore_fdrq	5.86755167	2.79360319	27.61297259	0	38.40506144	38.40506144	38.40506144	13.73406965	0	38.40506144	35.48775925	13.52968987	0	38.40506144	5.275228205	8.499822845	76.20650111
hsa05222	Small cell lung cancer	Gscore_fdrq	0	8.719960681	6.856803648	13.11634399	0	0	0	4.832076308	11.08199137	28.11701131	7.254747372	9.260272351	11.71329363	0	0	8.118712838	27.26780337
hsa05223	Non-small cell lung cancer	Gscore_fdrq	0	30.67971558	13.90493728	0	0	0	10.35742221	0	0	6.043285272	11.83386427	8.988003681	0	0	0	0	20.45180707
hsa05224	Breast cancer	Gscore_fdrq	4.948931655	9.49523994	29.96799431	5.705088634	0	33.47994379	16.87293488	9.375739127	0	0	0	0	10.10635086	0	11.15561965	0	32.77696071
hsa05225	Hepatocellular carcinoma	Gscore_fdrq	0	4.922295384	26.27426735	11.75774538	0	0	0	0	0	13.55467613	0	0	0	0	0	0	14.12724606
hsa05226	Gastric cancer	Gscore_fdrq	0	8.381915942	27.30413314	14.43732152	0	0	0	0	0	16.49513495	0	0	9.072623736	0	0	0	18.92278232
hsa05230	Central carbon metabolism in cancer	Gscore_fdrq	31.49710064	8.688331647	37.04012041	0	0	11.58143259	15.81013012	0	11.31286203	11.97414407	0	0	8.751297021	0	15.12048864	0	37.94397679
hsa05231	Choline metabolism in cancer	Gscore_fdrq	0	31.97277615	17.99076952	13.22045749	2.034661803	11.45776479	17.66296777	11.49820913	0	0	0	0	5.678221582	0	9.312741506	0	30.20714244
hsa05235	PD-L1 expression and PD-1 checkpoint pathway in cancer	Gscore_fdrq	0	34.48024977	0	0	38.40506144	38.40506144	38.40506144	0	0	0	16.3267482	11.17678229	0	38.40506144	0	7.170194335	55.69355509
hsa00010	Glycolysis / Gluconeogenesis	NEA	0	16.72672958	2.518041341	3.177801869	14.08108147	0	0	0	10.24789049	5.759635806	0	4.138708791	5.565906589	0	0	17.69847244	19.9785671
hsa00020	Citrate cycle (TCA cycle)	NEA	0	2.606604674	0	0	0	0	0	0	0	0	0	0	0	0	0	7.842729092	2.612333441
hsa00030	Pentose phosphate pathway	NEA	0	2.467702641	0	0	2.224003795	0	0	0	0	0	0	0	0	0	0	5.037407196	2.432278408
hsa00190	Oxidative phosphorylation	NEA	0	0	0	0	0	0	0	0	0	0	0	0	0	0	0	0	0
hsa00250	Alanine, aspartate and glutamate metabolism	NEA	3.750873024	16.33776573	5.69419298	5.849842878	14.09584736	6.606786424	8.244155466	7.490707551	17.48054454	8.010248101	7.642569333	7.574599014	10.48159934	4.370423455	3.428434238	19.3833017	36.61047278
hsa00260	Glycine, serine and threonine metabolism	NEA	0	13.11988649	2.269785838	0	11.66382588	0	1.993470628	0	14.05360871	4.091054354	2.239798738	4.082420825	4.432395764	0	0	15.64107164	18.39682972
hsa00330	Arginine and proline metabolism	NEA	5.082351123	19.79314106	8.47054313	7.175213015	16.08060943	5.21472262	5.881850884	4.414683817	14.98099249	7.503815862	7.725994578	7.942256672	11.19225048	2.827356475	0	16.90741947	35.29830028
hsa00564	Glycerophospholipid metabolism	NEA	6.12397868	15.82766012	14.50561906	13.17600329	14.21804861	8.24692346	9.811155585	4.402773857	15.30509678	10.61647275	7.550128298	8.928352877	9.765097596	3.202611545	0	14.68673718	39.09166492
hsa00980	Metabolism of xenobiotics by cytochrome P450	NEA	15.52808961	38.27555866	38.27555866	28.28456083	38.27555866	27.9781039	37.56266396	25.87765093	38.27555866	34.1040207	27.42189492	17.15276018	38.27555866	19.63357265	0	38.27555866	115.7991674
hsa01212	Fatty acid metabolism	NEA	0	9.816976548	0	1.710851543	5.711902648	0	0	0	9.871602763	0	0	0	3.130769892	0	0	17.050239	11.8230856
hsa03022	Basal transcription factors	NEA	0	0	0	0	0	0	0	0	0	0	0	0	0	0	0	0	0
hsa03320	PPAR signaling pathway	NEA	4.213907818	20.49233062	10.16254447	11.1413705	15.88476409	6.457763752	9.028514893	4.382892526	17.30699327	8.96396284	5.029454008	6.671864122	12.3140643	0	0	19.35043238	37.85021489
hsa04010	MAPK signaling pathway	NEA	34.44672827	38.27555866	37.50179267	36.0494603	38.27555866	31.46852058	26.08596804	21.3055472	19.56964094	38.27555866	24.67131962	34.061145	26.60807836	15.19653283	16.01563065	21.32474071	114.7829453
hsa04020	Calcium signaling pathway	NEA	34.55447735	38.27555866	38.27555866	36.41431966	38.27555866	38.27555866	37.24086483	28.8192871	21.97632202	38.27555866	30.45729905	38.27555866	33.22207675	17.95729749	17.68544044	16.25834201	126.0597697
hsa04024	cAMP signaling pathway	NEA	31.90853418	38.27555866	36.66175184	31.06003707	38.27555866	38.27555866	33.76187273	25.39010422	19.17893264	38.27555866	27.62588953	33.68208121	27.53319108	17.96243195	16.02091531	15.94085706	117.4572084
hsa04060	Cytokine-cytokine receptor interaction	NEA	38.27555866	38.27555866	29.97884188	38.27555866	38.27555866	38.27555866	38.27555866	35.00023584	38.27555866	38.27555866	38.27555866	37.71105341	38.27555866	37.58659158	10.91290354	12.64105571	136.6465671
hsa04062	Chemokine signaling pathway	NEA	26.6619529	34.27749745	22.81739129	26.83645749	38.27555866	35.78386975	33.39441121	13.57845749	13.86282796	30.88154937	28.1488879	23.78909531	18.41553853	22.0950613	3.162628139	6.815066904	94.69906291
hsa04064	NF-kappa B signaling pathway	NEA	11.15937796	10.95872979	5.553370596	8.640767541	24.53725336	12.12160398	11.71828372	4.983110021	9.413331766	11.05950417	11.2556014	6.280217647	5.181049188	7.964625258	2.512972779	7.031468491	37.59281691
hsa04066	HIF-1 signaling pathway	NEA	14.58615165	25.53829849	13.2813394	16.58512929	27.12266898	15.75348955	11.83562351	7.766778424	9.433976003	23.66526877	14.51285352	19.39717901	11.33348968	7.965534954	9.004214773	14.02659794	60.45214849
hsa04110	Cell cycle	NEA	30.82587437	0	8.648806238	23.21235721	0	6.898345336	17.02289342	38.27555866	30.7213145	0	23.95253441	23.28408993	26.42162789	28.94995605	38.27555866	22.48692059	79.74395931
hsa04115	p53 signaling pathway	NEA	25.71649299	8.49760278	14.32164813	23.38559093	12.73365509	11.27837683	16.99006038	29.00127544	23.94229081	13.79298038	21.02562299	22.87853708	22.23432054	21.03261217	28.29932702	20.79448765	78.9812203
hsa04142	Lysosome	NEA	0	5.847355676	0	0	9.312824185	0	0	0	0	2.349698719	0	0	0	0	0	3.127668036	5.159386654
hsa04150	mTOR signaling pathway	NEA	6.182570282	13.527536	9.733024425	6.476883683	10.62706856	5.777817359	2.023263305	0	0	11.84347436	0	8.349033274	0	0	0	4.373548636	19.72855497
hsa04151	PI3K-Akt signaling pathway	NEA	31.2951173	38.27555866	26.69505095	33.5844309	38.27555866	28.47517837	23.63205527	18.67832415	17.43541372	38.27555866	25.56248262	33.2197812	25.20638521	18.20390614	17.87010565	18.8409914	108.3814747
hsa04210	Apoptosis	NEA	14.28814028	15.71085345	13.26718393	14.17612127	21.30429345	12.9977932	11.04066855	9.361943767	8.431085986	15.67668967	11.62763191	15.46586922	8.765433643	9.721286432	13.14965199	13.14985833	52.03362627
hsa04310	Wnt signaling pathway	NEA	26.23054641	35.12824168	29.9765573	25.01052939	24.96060575	24.34083399	22.48065657	21.51291357	14.98461634	34.9211404	19.5300967	24.14188752	19.81106245	13.29500665	11.24762985	16.49604858	91.01709328
hsa04330	Notch signaling pathway	NEA	0	0	0	0	0	0	0	0	0	0	0	0	0	0	0	0	0
hsa04340	Hedgehog signaling pathway	NEA	0	7.03849799	4.459550403	0	4.076666683	0	0	0	0	8.32127028	0	0	0	0	0	0	5.973996339
hsa04350	TGF-beta signaling pathway	NEA	20.42134927	24.36009379	15.70470782	19.71597652	16.44399129	15.10873824	13.10090381	13.26619282	12.11702774	23.81266629	14.9781024	19.84923118	18.36274977	8.668521832	9.971483341	11.92527603	64.45175303
hsa04370	VEGF signaling pathway	NEA	14.18954885	21.01984769	15.69958464	14.57603552	24.79475623	14.88479332	11.18806274	5.665780484	6.106878894	19.28603969	11.76110388	14.21504994	8.783710701	7.791466636	5.148047746	10.88614094	51.49921198
hsa04510	Focal adhesion	NEA	29.32911732	36.33701764	27.70912904	27.28882818	38.27555866	23.42087812	18.00427161	11.80597067	8.98639279	38.27555866	18.88583614	30.5883507	22.82356306	12.61916092	19.37678852	15.09894252	94.70634113
hsa04512	ECM-receptor interaction	NEA	38.27555866	38.27555866	30.76173475	38.27555866	38.27555866	31.10546868	30.42400477	30.57376312	30.05175717	38.27555866	32.0849913	38.27555866	38.27555866	27.21164482	28.79203171	23.95047502	133.2211955
hsa04514	Cell adhesion molecules	NEA	30.48623069	38.27555866	23.38762083	24.13480737	38.27555866	38.27555866	38.27555866	21.8473085	26.12619783	36.71868407	38.27555866	25.92926108	29.10473905	38.27555866	7.945953094	7.375768815	115.6774808
hsa04520	Adherens junction	NEA	18.89448771	25.53437888	18.8632178	16.24595363	24.32575411	16.12149068	14.07042419	9.934826326	8.280694478	23.05434204	14.31031104	18.75527115	14.98982761	9.070435953	11.01452383	11.28221723	63.68703916
hsa04620	Toll-like receptor signaling pathway	NEA	20.02304142	26.66991216	18.5409976	19.60318704	37.04110418	21.25706362	18.23268747	11.10732712	13.942146	26.483428	19.45036786	17.33360405	15.02113941	12.04521188	6.30491162	11.63389672	73.67250654
hsa04630	JAK-STAT signaling pathway	NEA	26.4704046	32.06149303	19.10877275	27.4568743	38.27555866	25.52229285	22.88919662	13.98364483	16.89893832	31.58607302	27.19013943	26.02635973	21.39018366	17.85080975	9.806353273	11.03930505	91.88909997
hsa04660	T cell receptor signaling pathway	NEA	15.10116161	20.37376537	13.10799287	13.09454781	37.4040213	19.53584346	16.55733564	2.635809469	5.523406629	22.17241138	14.09554907	13.2200595	8.746506774	10.67273066	3.374191044	7.000348756	55.65392034
hsa04662	B cell receptor signaling pathway	NEA	15.35244682	19.10213135	11.32527139	11.14887286	37.19650598	20.08447936	17.20150028	1.715651464	6.605870786	18.64260561	17.40485921	12.16462351	7.710559409	12.93695138	1.923907151	6.725129055	54.3103414
hsa04810	Regulation of actin cytoskeleton	NEA	10.89456594	16.1850126	12.20896694	9.206816896	24.88842194	11.0599405	6.637464609	0	0	14.08365645	6.111991896	11.35477706	5.481270072	2.577652502	6.364990735	3.835942117	35.22286756
hsa04915	Estrogen signaling pathway	NEA	22.69053055	33.67747794	27.38373675	23.87347997	28.22544404	22.90665755	18.21777423	13.17268399	10.30296317	30.5514838	20.10462081	24.46093319	17.82379833	12.77443502	10.79694311	15.53364999	83.12415311
hsa05160	Hepatitis C	NEA	5.543559615	12.72006816	5.584559101	10.82869728	15.00516732	6.091491033	3.267520468	3.138406833	0	11.94536316	4.657372337	9.742289935	3.609297771	0	5.741942297	7.375755097	26.3128726
hsa05161	Hepatitis B	NEA	26.84249541	31.62486524	23.40581656	27.52183017	32.27741593	20.74658818	18.29113346	18.36086816	17.36025502	32.15112458	22.75216603	25.66682651	19.93733329	14.35543981	16.59801543	19.05939839	91.73789304
hsa05165	Human papillomavirus infection	NEA	29.25057721	32.88347602	23.80510023	27.63947666	35.10641477	21.81029775	18.87990349	19.30171757	16.36068632	34.72569386	21.25336847	29.50248945	22.98893712	15.7628543	19.47141549	19.81349005	97.13897469
hsa05166	Human T-cell leukemia virus 1 infection	NEA	32.48508062	26.51035017	22.8476922	27.1956227	37.09599067	26.87462066	28.833946	24.09762147	23.3845662	27.35530071	32.14722256	27.13355791	24.55340234	26.44959555	21.14568116	18.95812388	106.7670937
hsa05167	Kaposi sarcoma-associated herpesvirus infection	NEA	25.60606114	34.69444722	24.51344164	27.3225391	38.27555866	26.45291509	22.68712609	15.80501728	14.61242448	32.77321105	25.20469587	24.09508656	20.74420919	15.47179149	9.971519284	16.04600123	93.56901135
hsa05169	Epstein-Barr virus infection	NEA	7.438642264	4.045311069	2.231629282	4.374598137	24.51044783	8.631795097	7.050342215	0	4.335337887	9.416385492	9.049391436	4.436971314	2.199210838	9.121030124	2.89643783	3.213650618	25.73779536
hsa05200	Pathways in cancer	NEA	38.27555866	38.27555866	38.27555866	38.27555866	38.27555866	38.27555866	38.27555866	38.27555866	38.27555866	38.27555866	38.27555866	38.27555866	38.27555866	37.41766274	32.98682555	36.90762706	151.2235945
hsa05202	Transcriptional misregulation in cancer	NEA	35.94905489	33.46398326	30.78143171	34.22951077	29.25881698	23.2027721	24.81253596	24.19738265	23.82639591	32.44422483	30.46529621	29.97369695	29.77748099	22.3686273	16.3491247	17.94001936	109.7600886
hsa05203	Viral carcinogenesis	NEA	19.72667584	11.10203814	13.86526697	18.15333211	12.43354218	5.025643333	5.048512447	7.403395161	6.490359974	10.26445913	11.09771273	15.8479868	9.924504041	9.67179239	14.68617404	9.24522467	44.99665499
hsa05204	Chemical carcinogenesis - DNA adducts	NEA	18.53901872	38.27555866	38.27555866	29.52240121	38.27555866	29.77012577	38.27555866	28.57983627	38.27555866	36.75120091	30.98387221	19.76520401	38.27555866	22.05915431	0	38.27555866	120.974931
hsa05205	Proteoglycans in cancer	NEA	29.10894624	37.8628987	30.23481199	27.96592657	38.27555866	27.62887102	22.46166445	16.51081645	13.07733478	38.09294887	22.41570161	29.43702001	22.74985421	14.35862991	15.86863994	17.4941411	100.8859411
hsa05206	MicroRNAs in cancer	NEA	34.06553363	31.88489181	27.69268986	32.31766448	31.36227749	24.34860149	24.04672388	26.19966513	23.56541863	33.58816043	27.61841002	32.36832164	28.47907453	22.34716817	24.55527562	22.81787304	111.8144375
hsa05207	Chemical carcinogenesis - receptor activation	NEA	33.2274971	38.27555866	38.07121562	36.7954021	38.27555866	33.16877311	34.37420372	28.17964745	37.24011941	38.27555866	32.72994658	33.04753871	38.27555866	23.11595015	15.7961637	30.25670702	132.2763498
hsa05208	Chemical carcinogenesis - reactive oxygen species	NEA	0	16.60780422	0	0	11.14709202	0	0	0	0	0	0	0	0	0	0	7.744578645	8.87486872
hsa05210	Colorectal cancer	NEA	28.0053357	31.20254097	26.18360318	27.5005603	31.42813666	24.76224202	23.82988944	20.90467638	17.33700087	31.93843627	24.25946458	26.44236887	23.98683131	18.39224538	15.8919939	18.52903813	97.64859098
hsa05211	Renal cell carcinoma	NEA	9.555080736	13.40079476	8.588258582	11.1108751	15.78265702	8.26443928	5.771162378	1.718311769	0	14.67050397	7.446716797	11.29550054	5.110814648	3.961055606	3.136527822	6.243572991	31.514068
hsa05214	Glioma	NEA	22.15474989	27.85117063	21.38384371	22.3591522	27.84293652	21.31217986	16.57276754	13.45263739	11.80862481	27.99543437	17.18826317	23.65950804	15.99518427	10.93730704	13.53152435	15.38420964	77.35737335
hsa05215	Prostate cancer	NEA	30.76128597	35.67968615	29.78217383	31.49687917	32.85270632	24.46817566	21.58826579	20.92447487	19.40851435	35.90348576	26.42649196	29.87051446	26.00729493	17.2099703	16.31124536	19.2894747	104.4951599
hsa05216	Thyroid cancer	NEA	17.50189349	22.02951045	17.51397913	18.58767526	17.13862127	13.48722031	13.46522772	14.66546029	11.58673761	21.05446772	13.86862534	16.47747891	18.08734454	9.282169384	9.134977998	13.17323962	61.76365726
hsa05219	Bladder cancer	NEA	14.29348924	18.3719116	13.480498	15.21358659	16.24995429	10.97646172	10.58910374	10.67020087	8.875605097	19.86717376	11.69491318	15.47570161	12.9481699	7.835419153	9.304560375	12.6490283	52.12394436
hsa05221	Acute myeloid leukemia	NEA	25.30523844	29.770688	24.40044842	26.32665508	32.79816287	23.95035883	22.58559355	16.90612	16.43910966	29.62373773	24.26139642	23.44386708	20.83152501	16.7460242	11.75043459	14.33409986	89.86836493
hsa05222	Small cell lung cancer	NEA	29.40656991	22.45122519	20.40069775	26.81679112	26.65119288	19.10921214	20.54650038	22.88980093	21.21259587	26.7039397	24.26938554	26.4839618	24.6126198	19.76813499	22.81943777	19.82232516	93.49109773
hsa05223	Non-small cell lung cancer	NEA	20.7525502	25.14539757	19.22126385	21.2636885	28.13052715	18.87815944	15.98631397	12.47203679	12.17929912	26.41361752	17.38745424	20.86237539	15.41822439	11.74228598	9.993047802	14.04446593	72.47267696
hsa05224	Breast cancer	NEA	33.77970224	38.27555866	35.21773604	35.84518767	35.90376432	29.29668803	28.36519272	25.63224255	22.55950304	38.27555866	29.12739357	33.28901978	28.52736407	19.90772285	18.02661724	23.21595009	118.8113004
hsa05225	Hepatocellular carcinoma	NEA	22.00192777	29.42564657	24.8326421	21.87447936	24.53949813	18.83302865	18.06204703	16.35811031	17.70637233	28.98848582	16.48980297	21.38516084	20.08392093	11.59614148	11.30508771	17.9400031	80.35558878
hsa05226	Gastric cancer	NEA	31.49345984	34.36150664	30.15983335	31.24241133	30.63674809	25.01357204	24.2043958	23.69409753	20.25988768	35.13123296	24.78720018	30.6195973	24.45209621	18.01692302	18.69873627	20.08628383	105.7144955
hsa05230	Central carbon metabolism in cancer	NEA	12.10883314	25.62633664	13.43656038	16.39637252	25.58997626	13.51287489	10.62680135	6.177851119	10.78085367	21.04183088	12.52798787	18.29984651	12.24467278	8.140938963	7.790684115	17.62334835	57.98144236
hsa05231	Choline metabolism in cancer	NEA	23.81067038	34.43977723	26.71739442	25.0313254	35.63344741	26.87296684	22.74112962	13.7863383	14.25399278	31.81503958	21.75883823	24.67691613	20.52145322	14.29006242	10.60133296	16.95137915	90.97551602
hsa05235	PD-L1 expression and PD-1 checkpoint pathway in cancer	NEA	14.3624443	18.43127453	11.02052235	12.81934496	30.36667305	17.3069359	14.84045399	4.192609732	5.705815501	19.71175089	13.51416826	12.82636795	8.207145866	9.299234833	4.025800786	7.945907928	51.1441127
hsa00010	Glycolysis / Gluconeogenesis	ROntoTools	0	0	0	2.098649402	2.514432056	0	0	0	2.346114558	0	0	0	2.119235469	0	0	5.079511034	3.53948563
hsa00020	Citrate cycle (TCA cycle)	ROntoTools	0	0	0	0	2.044702298	0	0	0	0	0	0	0	0	0	0	0	0.511175574
hsa00030	Pentose phosphate pathway	ROntoTools	0	0	0	0	0	0	0	0	0	0	0	0	0	0	0	1.696081121	0.42402028
hsa00190	Oxidative phosphorylation	ROntoTools	0	0	0	0	2.042739276	0	0	0	0	0	0	0	0	0	0	0	0.510684819
hsa00250	Alanine, aspartate and glutamate metabolism	ROntoTools	0	0	0	0	1.915626814	0	0	0	3.592846713	0	0	0	0	0	0	5.079511034	2.64699614
hsa00260	Glycine, serine and threonine metabolism	ROntoTools	0	4.163298019	0	0	2.666134382	0	0	1.764066479	3.640497666	0	0	0	0	0	0	5.079511034	4.328376895
hsa00330	Arginine and proline metabolism	ROntoTools	1.661155735	4.486717635	1.65742614	0	2.521308388	0	0	0	2.639595367	0	0	0	2.193787889	0	0	4.685320911	4.961328016
hsa00564	Glycerophospholipid metabolism	ROntoTools	0	0	0	0	0	0	0	0	0	0	0	0	0	0	0	0	0
hsa00980	Metabolism of xenobiotics by cytochrome P450	ROntoTools	0	4.728398529	2.543148618	3.100279282	2.02420211	3.561744569	4.097816582	3.006531888	4.788487743	0	1.694495544	0	4.298691047	4.092716606	0	5.079511034	10.75400589
hsa01212	Fatty acid metabolism	ROntoTools	0	0	0	0	0	0	0	0	0	0	0	0	0	0	0	0	0
hsa03022	Basal transcription factors	ROntoTools	0	0	0	0	0	0	0	0	0	0	0	0	0	0	0	0	0
hsa03320	PPAR signaling pathway	ROntoTools	0	2.03795532	0	4.73041883	2.514432056	2.822369941	3.459787619	3.248211822	3.623539712	0	2.796074787	0	4.493476088	2.282324395	0	5.079511034	9.272025401
hsa04010	MAPK signaling pathway	ROntoTools	3.718639587	0	0	2.653163692	0	0	0	0	0	0	0	2.690470903	0	1.916246289	1.931436447	0	3.227489229
hsa04020	Calcium signaling pathway	ROntoTools	4.679578489	3.559899413	3.644755246	4.73041883	3.843107831	4.08548537	4.053199482	4.361837448	0	3.015730954	3.972978341	4.652543886	3.391965644	4.299369234	4.646065134	0	14.23423383
hsa04024	cAMP signaling pathway	ROntoTools	3.545876516	3.724831898	3.448352249	3.93641282	0	4.235202298	4.559444681	4.161958047	0	0	2.534787302	3.870120781	0	2.582105842	1.732052175	0	9.582786152
hsa04060	Cytokine-cytokine receptor interaction	ROntoTools	2.093878247	2.557891894	0	4.378439211	3.768462093	3.756400962	3.731481108	3.540957922	4.181568734	2.903403725	2.910115971	2.233817702	3.433047485	3.793199633	0	0	10.82066617
hsa04062	Chemokine signaling pathway	ROntoTools	1.957450702	0	0	0	4.099706187	2.389931166	4.053199482	2.04573649	2.346114558	0	1.889473864	0	0	3.354726808	0	0	5.534084814
hsa04064	NF-kappa B signaling pathway	ROntoTools	0	0	0	0	1.649513483	0	0	0	0	0	0	0	0	0	0	0	0.412378371
hsa04066	HIF-1 signaling pathway	ROntoTools	1.661155735	0	0	0	2.24177333	0	0	0	0	0	0	0	0	0	0	0	0.975732266
hsa04110	Cell cycle	ROntoTools	3.545876516	0	0	2.848265757	0	0	0	3.876784804	4.385221471	0	2.535842807	3.109652876	0	2.972178889	3.97293372	3.504122473	7.687719828
hsa04115	p53 signaling pathway	ROntoTools	0	0	0	0	0	0	0	2.228487357	1.903694096	1.830620796	0	0	0	0	3.785756484	2.355154349	3.025928271
hsa04142	Lysosome	ROntoTools	0	0	0	0	0	0	0	0	0	0	0	0	0	0	0	0	0
hsa04150	mTOR signaling pathway	ROntoTools	0	0	0	0	1.811106101	0	0	0	0	0	0	0	0	0	0	0	0.452776525
hsa04151	PI3K-Akt signaling pathway	ROntoTools	3.654487509	0	2.491489134	4.73041883	2.455567781	1.905715199	2.747436798	0	3.08683252	0	2.117996193	3.928843794	2.011760252	3.003395039	3.559592475	0	8.923383881
hsa04210	Apoptosis	ROntoTools	0	0	0	0	0	0	0	0	0	0	0	0	0	0	1.721343624	1.734652077	0.863998925
hsa04310	Wnt signaling pathway	ROntoTools	2.216976047	0	2.287523066	0	0	2.964549835	3.522254416	0	0	0	1.651515747	0	0	0	0	0	3.160704778
hsa04330	Notch signaling pathway	ROntoTools	0	0	0	0	0	0	0	0	0	0	0	0	0	0	0	0	0
hsa04340	Hedgehog signaling pathway	ROntoTools	0	0	0	0	0	0	0	0	0	0	0	2.11074004	0	0	0	0	0.52768501
hsa04350	TGF-beta signaling pathway	ROntoTools	0	2.213980467	0	0	0	0	0	0	0	0	0	0	0	0	0	0	0.553495117
hsa04370	VEGF signaling pathway	ROntoTools	0	0	0	0	0	0	0	0	0	0	0	0	0	0	0	0	0
hsa04510	Focal adhesion	ROntoTools	4.470238525	0	3.426028505	4.653913399	0	0	0	0	0	0	2.659358506	4.652543886	3.657395601	3.703025468	4.40488569	1.734652077	8.340510415
hsa04512	ECM-receptor interaction	ROntoTools	3.998914638	3.614604094	2.561271357	4.281237567	3.823552484	2.132488371	2.264413872	3.215115692	3.9003465	3.296863324	4.077293892	4.414611563	4.646749679	3.780346631	3.804235348	4.283184368	14.52380735
hsa04514	Cell adhesion molecules	ROntoTools	0	0	0	0	0	0	0	0	0	0	0	0	0	0	0	0	0
hsa04520	Adherens junction	ROntoTools	0	0	0	0	0	0	0	0	0	0	0	0	0	0	0	0	0
hsa04620	Toll-like receptor signaling pathway	ROntoTools	0	0	0	0	0	0	0	0	0	0	0	0	0	0	0	0	0
hsa04630	JAK-STAT signaling pathway	ROntoTools	0	0	0	0	0	0	0	0	0	0	0	0	0	0	0	0	0
hsa04660	T cell receptor signaling pathway	ROntoTools	0	0	0	0	0	0	0	0	0	0	0	0	0	0	0	0	0
hsa04662	B cell receptor signaling pathway	ROntoTools	0	0	0	0	0	0	0	0	0	0	0	0	0	0	0	0	0
hsa04810	Regulation of actin cytoskeleton	ROntoTools	2.669931984	0	2.491489134	1.815930141	2.367114406	0	0	0	0	0	0	0	0	0	0	0	2.336116416
hsa04915	Estrogen signaling pathway	ROntoTools	0	0	0	0	0	0	0	0	0	0	0	0	0	0	0	0	0
hsa05160	Hepatitis C	ROntoTools	0	0	0	0	0	0	0	0	0	0	0	0	0	0	0	0	0
hsa05161	Hepatitis B	ROntoTools	0	0	0	0	0	0	0	0	0	0	0	0	0	0	0	0	0
hsa05165	Human papillomavirus infection	ROntoTools	0	0	0	0	3.13251712	0	0	0	0	0	0	0	0	0	1.667624305	0	1.200035356
hsa05166	Human T-cell leukemia virus 1 infection	ROntoTools	0	0	0	0	2.042739276	0	0	0	0	0	0	0	0	0	0	0	0.510684819
hsa05167	Kaposi sarcoma-associated herpesvirus infection	ROntoTools	0	0	0	0	0	0	0	0	0	0	0	0	0	0	0	0	0
hsa05169	Epstein-Barr virus infection	ROntoTools	0	0	0	0	1.850931972	0	0	0	0	0	0	0	0	0	0	0	0.462732993
hsa05200	Pathways in cancer	ROntoTools	3.822434895	2.866135004	1.98491521	3.8720484	4.099706187	2.822369941	3.386956005	1.764066479	2.60739211	2.282773457	2.535842807	4.364178019	1.667181145	3.218702942	3.049909189	1.802911612	11.53688085
hsa05202	Transcriptional misregulation in cancer	ROntoTools	2.754314438	0	0	2.904485925	0	0	0	2.193995441	2.207395157	1.756724223	0	2.128088274	1.667181145	2.567985145	0	0	4.545042437
hsa05203	Viral carcinogenesis	ROntoTools	0	0	0	0	0	0	0	0	0	0	0	0	0	0	2.296820758	0	0.574205189
hsa05204	Chemical carcinogenesis - DNA adducts	ROntoTools	0	4.163298019	3.10183724	0	0	2.697857724	4.197333196	0	4.788487743	0	0	0	2.193787889	2.363242057	0	5.079511034	7.146338725
hsa05205	Proteoglycans in cancer	ROntoTools	2.754314438	2.478915947	2.596581959	2.815264946	2.614499698	3.019347297	2.719940688	0	0	0	2.395628612	4.364178019	0	0	2.09614325	0	6.963703713
hsa05206	MicroRNAs in cancer	ROntoTools	3.50803543	0	0	2.539278253	0	3.58944781	3.289197328	2.083354675	2.695180398	0	2.085086334	3.929438182	0	2.472381953	3.722615731	2.267857365	8.045468365
hsa05207	Chemical carcinogenesis - receptor activation	ROntoTools	2.290097284	2.483692278	2.19272409	3.184991276	0	3.58944781	4.097816582	2.512995107	3.549457194	0	1.967556925	1.831190815	2.011760252	2.679835248	0	3.200751913	8.898079193
hsa05208	Chemical carcinogenesis - reactive oxygen species	ROntoTools	0	0	0	0	0	0	0	0	0	0	0	0	0	0	0	0	0
hsa05210	Colorectal cancer	ROntoTools	0	0	0	0	0	0	0	0	0	0	0	0	0	0	0	0	0
hsa05211	Renal cell carcinoma	ROntoTools	0	0	0	0	0	0	0	0	0	0	0	0	0	0	0	0	0
hsa05214	Glioma	ROntoTools	0	0	0	0	0	0	0	0	0	0	0	0	0	0	0	0	0
hsa05215	Prostate cancer	ROntoTools	1.661155735	0	0	2.094127969	0	0	0	0	0	0	0	0	0	0	1.807322849	0	1.390651638
hsa05216	Thyroid cancer	ROntoTools	0	0	0	0	0	0	0	0	0	0	0	0	0	0	0	0	0
hsa05219	Bladder cancer	ROntoTools	0	0	0	0	0	0	0	0	0	0	0	0	0	0	0	0	0
hsa05221	Acute myeloid leukemia	ROntoTools	0	0	0	0	0	0	0	0	0	0	0	0	0	0	0	0	0
hsa05222	Small cell lung cancer	ROntoTools	2.581077363	0	0	2.476828468	0	0	0	0	1.720689837	0	0	1.739116243	3.297068796	0	0	3.250346624	3.766281833
hsa05223	Non-small cell lung cancer	ROntoTools	0	0	0	0	0	0	0	0	0	0	0	0	0	0	0	0	0
hsa05224	Breast cancer	ROntoTools	0	0	0	2.576679626	2.325316334	0	2.092628607	0	0	0	0	2.169493455	0	0	0	0	2.291029505
hsa05225	Hepatocellular carcinoma	ROntoTools	0	1.68166083	1.699708875	0	0	0	0	0	0	0	0	0	0	0	0	0	0.845342426
hsa05226	Gastric cancer	ROntoTools	2.340811263	0	1.730770342	2.249402134	2.396632508	0	2.57877644	0	0	0	0	2.571450625	0	0	1.807322849	0	3.91879154
hsa05230	Central carbon metabolism in cancer	ROntoTools	1.836837147	0	1.699708875	0	2.397873463	0	0	0	1.871719848	0	0	0	0	0	0	0	1.951534833
hsa05231	Choline metabolism in cancer	ROntoTools	0	0	0	0	0	0	0	0	0	0	0	0	0	0	0	0	0
hsa05235	PD-L1 expression and PD-1 checkpoint pathway in cancer	ROntoTools	0	0	0	0	0	0	0	0	0	0	0	0	0	0	0	0	0
hsa00010	Glycolysis / Gluconeogenesis	SPIA	0	0	0	0	0	0	0	0	0	0	0	0	0	0	0	0	0
hsa00020	Citrate cycle (TCA cycle)	SPIA	0	0	0	0	0	0	0	0	0	0	0	0	0	0	0	0	0
hsa00030	Pentose phosphate pathway	SPIA	0	0	0	0	0	0	0	0	0	0	0	0	0	0	0	0	0
hsa00190	Oxidative phosphorylation	SPIA	0	0	0	0	0	0	0	0	0	0	0	0	0	0	0	0	0
hsa00250	Alanine, aspartate and glutamate metabolism	SPIA	0	0	0	0	0	0	0	0	0	0	0	0	0	0	0	0	0
hsa00260	Glycine, serine and threonine metabolism	SPIA	0	0	0	0	0	0	0	0	0	0	0	0	0	0	0	0	0
hsa00330	Arginine and proline metabolism	SPIA	0	0	0	0	0	0	0	0	0	0	0	0	0	0	0	0	0
hsa00564	Glycerophospholipid metabolism	SPIA	0	0	0	0	0	0	0	0	0	0	0	0	0	0	0	0	0
hsa00980	Metabolism of xenobiotics by cytochrome P450	SPIA	0	0	0	0	0	0	0	0	0	0	0	0	0	0	0	0	0
hsa01212	Fatty acid metabolism	SPIA	0	0	0	0	0	0	0	0	0	0	0	0	0	0	0	0	0
hsa03022	Basal transcription factors	SPIA	0	0	0	0	0	0	0	0	0	0	0	0	0	0	0	0	0
hsa03320	PPAR signaling pathway	SPIA	0	2.243447469	0	4.574684408	2.108349309	0	2.441450004	1.878155005	3.871748118	2.130066096	1.838781145	0	3.48836387	0	0	5.332083297	7.47678218
hsa04010	MAPK signaling pathway	SPIA	3.055013155	0	0	3.040728809	0	0	0	0	0	0	0	2.662758137	0	2.89525148	2.52129414	0	3.54376143
hsa04020	Calcium signaling pathway	SPIA	6.305848682	5.364269569	5.41579068	6.128797297	3.978713278	8.092008279	6.564006389	5.153986634	1.834203157	2.617766958	4.847930058	6.985617255	4.573294242	5.245969864	5.277270735	0	19.59636827
hsa04024	cAMP signaling pathway	SPIA	3.071154968	4.206269091	3.715918149	4.546170315	0	5.001421366	5.052938937	4.474921197	0	0	2.479115054	3.66122083	0	2.231282881	0	0	9.610103198
hsa04060	Cytokine-cytokine receptor interaction	SPIA	2.409700427	2.769897145	0	4.591309329	7.723549575	4.406492083	6.559851287	5.251710401	3.93659944	2.667415473	3.019529407	2.153532637	5.875775042	4.857660202	0	0	14.05575561
hsa04062	Chemokine signaling pathway	SPIA	2.409700427	0	0	0	5.252465408	2.424784827	3.967404892	0	1.949049317	0	2.260197435	0	0	4.591676255	0	0	5.71381964
hsa04064	NF-kappa B signaling pathway	SPIA	0	0	0	0	2.852138045	0	0	0	0	0	0	0	0	0	0	0	0.713034511
hsa04066	HIF-1 signaling pathway	SPIA	0	0	0	0	2.017531512	0	0	0	0	0	0	0	0	0	0	0	0.504382878
hsa04110	Cell cycle	SPIA	2.935095457	0	0	2.035847352	0	0	0	4.025445434	3.090372975	0	2.175445928	2.437816617	0	2.418658227	5.277270735	2.078508511	6.618615309
hsa04115	p53 signaling pathway	SPIA	0	0	0	0	0	0	0	2.750849467	0	1.882892003	0	0	0	0	4.271535381	2.063359484	2.742159084
hsa04142	Lysosome	SPIA	0	0	0	0	0	0	0	0	0	0	0	0	0	0	0	0	0
hsa04150	mTOR signaling pathway	SPIA	0	0	0	0	3.337040902	0	0	0	0	0	0	0	0	0	0	0	0.834260226
hsa04151	PI3K-Akt signaling pathway	SPIA	4.522332372	0	3.715918149	5.856969432	2.517858802	1.991690988	2.746543239	0	3.086095224	1.882892003	2.332106404	3.974263683	2.098939646	3.279667217	3.605794665	0	10.40276796
hsa04210	Apoptosis	SPIA	0	0	0	0	0	0	0	0	0	0	0	0	0	0	0	0	0
hsa04310	Wnt signaling pathway	SPIA	2.714860396	0	2.338833819	0	0	1.97611806	2.557491688	0	0	0	0	0	0	2.580987051	1.791453893	0	3.489936227
hsa04330	Notch signaling pathway	SPIA	0	0	0	0	0	0	0	0	0	0	0	0	0	0	0	0	0
hsa04340	Hedgehog signaling pathway	SPIA	0	0	0	0	0	0	0	0	0	0	0	0	0	0	0	0	0
hsa04350	TGF-beta signaling pathway	SPIA	0	3.022584552	0	0	0	0	0	0	0	0	0	1.783909539	0	0	2.110616126	0	1.729277554
hsa04370	VEGF signaling pathway	SPIA	0	0	0	0	0	0	0	0	0	0	0	0	0	0	0	0	0
hsa04510	Focal adhesion	SPIA	4.523066164	0	3.409540325	5.780495521	0	0	0	0	0	1.896893853	3.988569202	5.575434019	4.300445172	4.847100121	5.277270735	1.70823172	10.32676171
hsa04512	ECM-receptor interaction	SPIA	3.735156145	3.921064112	3.106111405	3.520318266	4.665596492	2.405349505	2.214493036	3.345288913	3.13903186	4.6378211	3.865571484	4.267906804	7.209951729	5.692330937	3.727475312	5.372557085	16.20650605
hsa04514	Cell adhesion molecules	SPIA	0	0	0	0	0	0	0	0	0	0	0	0	0	0	0	0	0
hsa04520	Adherens junction	SPIA	0	0	0	0	0	0	0	0	0	0	0	0	0	0	0	0	0
hsa04620	Toll-like receptor signaling pathway	SPIA	0	0	0	0	0	0	0	0	0	0	0	0	0	0	0	0	0
hsa04630	JAK-STAT signaling pathway	SPIA	0	0	0	0	0	0	0	0	0	0	0	0	0	0	0	0	0
hsa04660	T cell receptor signaling pathway	SPIA	0	0	0	0	0	0	0	0	0	0	0	0	0	0	0	0	0
hsa04662	B cell receptor signaling pathway	SPIA	0	0	0	0	0	0	0	0	0	0	0	0	0	0	0	0	0
hsa04810	Regulation of actin cytoskeleton	SPIA	2.788160408	0	2.21594619	2.005892851	0	0	0	0	0	0	0	0	1.646728196	0	0	0	2.164181911
hsa04915	Estrogen signaling pathway	SPIA	0	0	0	0	0	0	0	0	0	0	0	0	2.016558866	0	0	0	0.504139717
hsa05160	Hepatitis C	SPIA	0	0	0	0	0	0	0	0	0	0	0	0	0	0	0	0	0
hsa05161	Hepatitis B	SPIA	0	0	0	0	0	0	0	0	0	0	0	0	0	0	0	0	0
hsa05165	Human papillomavirus infection	SPIA	0	0	0	0	2.532867389	0	0	0	0	0	0	0	2.359857312	0	1.70111278	0	1.64845937
hsa05166	Human T-cell leukemia virus 1 infection	SPIA	0	0	0	0	4.736676538	0	0	0	0	0	0	0	0	1.687352607	0	0	1.606007286
hsa05167	Kaposi sarcoma-associated herpesvirus infection	SPIA	0	0	0	0	0	0	0	0	0	0	0	0	0	0	0	0	0
hsa05169	Epstein-Barr virus infection	SPIA	0	0	0	0	2.418495694	0	0	0	0	0	0	0	0	0	1.798677953	0	1.054293412
hsa05200	Pathways in cancer	SPIA	4.528103486	2.517911885	1.761257319	3.818162003	3.459963775	2.902716348	3.362631722	2.064884121	2.195804175	2.133001937	2.479115054	3.979973754	2.419523583	3.086118011	2.248148804	0	10.73932899
hsa05202	Transcriptional misregulation in cancer	SPIA	3.00339638	0	0	3.077579986	2.026897046	0	0	0	1.966541446	1.747953771	1.736310586	1.928118687	0	2.89525148	0	0	4.595512346
hsa05203	Viral carcinogenesis	SPIA	0	0	0	0	0	0	0	0	0	0	0	0	0	0	0	0	0
hsa05204	Chemical carcinogenesis - DNA adducts	SPIA	0	0	0	0	0	0	0	0	0	0	0	0	0	0	0	0	0
hsa05205	Proteoglycans in cancer	SPIA	2.75041374	2.122870614	2.884302562	2.346691472	1.877007015	3.269341145	2.969121787	0	0	0	2.319563384	4.451061902	3.275238252	0	2.116939263	0	7.595637784
hsa05206	MicroRNAs in cancer	SPIA	3.73789055	0	1.742191201	3.181971614	0	3.190546767	2.935049256	2.485975619	2.286309204	0	2.541425442	3.797915785	0	2.922991489	4.403280138	1.820632596	8.761544915
hsa05207	Chemical carcinogenesis - receptor activation	SPIA	1.774795853	2.615441165	1.980576158	3.193813255	0	3.407987338	4.359939896	2.31073036	2.813276138	0	1.937910597	0	1.866126197	2.200197345	0	0	7.115198575
hsa05208	Chemical carcinogenesis - reactive oxygen species	SPIA	0	0	0	0	0	0	0	0	0	0	0	0	0	0	0	0	0
hsa05210	Colorectal cancer	SPIA	0	0	0	0	0	0	0	0	0	0	0	0	0	0	0	0	0
hsa05211	Renal cell carcinoma	SPIA	0	0	0	0	0	0	0	0	0	0	0	0	0	0	0	0	0
hsa05214	Glioma	SPIA	0	0	0	0	0	0	0	0	0	0	0	0	0	0	0	0	0
hsa05215	Prostate cancer	SPIA	0	0	0	2.036101805	0	0	0	0	0	0	0	0	0	0	0	0	0.509025451
hsa05216	Thyroid cancer	SPIA	0	0	0	0	0	0	0	0	0	0	0	0	0	0	0	0	0
hsa05219	Bladder cancer	SPIA	0	0	0	0	0	0	0	0	0	0	0	0	0	0	0	0	0
hsa05221	Acute myeloid leukemia	SPIA	0	0	0	0	0	0	0	0	0	0	0	0	0	0	0	0	0
hsa05222	Small cell lung cancer	SPIA	0	0	0	2.131069004	0	0	0	0	1.795966518	1.896893853	0	0	4.371317281	0	0	4.533522262	3.682192229
hsa05223	Non-small cell lung cancer	SPIA	0	0	0	0	0	0	0	0	0	0	0	0	0	0	0	0	0
hsa05224	Breast cancer	SPIA	0	0	0	2.709169511	2.14146652	0	2.14536484	0	0	0	0	2.087561299	0	0	0	0	2.270890543
hsa05225	Hepatocellular carcinoma	SPIA	0	0	0	0	0	0	2.009897169	0	0	0	0	0	0	0	0	0	0.502474292
hsa05226	Gastric cancer	SPIA	2.170090698	0	0	2.254490985	2.25804674	0	2.486373337	0	0	0	0	2.28348429	0	0	0	0	2.863121513
hsa05230	Central carbon metabolism in cancer	SPIA	3.196646958	0	0	0	2.622725501	0	0	0	1.828235721	0	0	0	0	0	0	0	1.911902045
hsa05231	Choline metabolism in cancer	SPIA	0	0	0	0	0	0	0	0	0	0	0	0	0	0	0	0	0
hsa05235	PD-L1 expression and PD-1 checkpoint pathway in cancer	SPIA	0	0	0	0	0	0	0	0	0	0	0	0	0	0	0	0	0
hsa00010	Glycolysis / Gluconeogenesis	PADOG	0	0	0	0	0	0	0	0	0	0	0	0	0	0	0	0	0
hsa00020	Citrate cycle (TCA cycle)	PADOG	0	0	0	0	0	0	0	0	0	0	0	0	0	0	0	0	0
hsa00030	Pentose phosphate pathway	PADOG	0	0	0	0	0	0	0	0	0	0	0	0	0	0	0	0	0
hsa00190	Oxidative phosphorylation	PADOG	0	0	0	0	0	0	0	0	0	0	0	0	0	0	0	0	0
hsa00250	Alanine, aspartate and glutamate metabolism	PADOG	0	0	0	0	0	0	0	0	0	0	0	0	0	0	0	1.712796415	0.428199104
hsa00260	Glycine, serine and threonine metabolism	PADOG	0	0	0	0	0	0	0	0	0	0	0	0	0	0	0	0	0
hsa00330	Arginine and proline metabolism	PADOG	0	0	0	0	0	0	0	0	0	0	0	0	0	0	0	0	0
hsa00564	Glycerophospholipid metabolism	PADOG	0	0	0	0	0	0	0	0	0	0	0	0	0	0	0	0	0
hsa00980	Metabolism of xenobiotics by cytochrome P450	PADOG	0	0	0	0	0	0	0	0	0	0	0	0	0	0	0	0	0
hsa01212	Fatty acid metabolism	PADOG	0	0	0	0	0	0	0	0	0	0	0	0	0	0	0	0	0
hsa03022	Basal transcription factors	PADOG	0	0	0	0	0	0	0	0	0	0	0	0	0	0	0	0	0
hsa03320	PPAR signaling pathway	PADOG	0	0	0	0	0	0	0	0	0	0	0	0	3.046745696	0	0	0	0.761686424
hsa04010	MAPK signaling pathway	PADOG	0	0	0	0	0	0	0	0	0	0	0	0	0	0	0	0	0
hsa04020	Calcium signaling pathway	PADOG	0	0	0	0	0	0	0	0	0	0	0	0	0	0	0	0	0
hsa04024	cAMP signaling pathway	PADOG	0	0	0	0	0	0	0	0	0	0	0	0	0	0	0	0	0
hsa04060	Cytokine-cytokine receptor interaction	PADOG	0	0	0	0	0	0	0	0	0	0	0	0	0	0	0	0	0
hsa04062	Chemokine signaling pathway	PADOG	0	0	0	0	0	0	0	0	0	0	0	0	0	0	0	0	0
hsa04064	NF-kappa B signaling pathway	PADOG	0	0	0	0	0	0	0	0	0	0	0	0	0	0	0	0	0
hsa04066	HIF-1 signaling pathway	PADOG	0	0	0	0	0	0	0	0	0	0	0	0	0	0	0	0	0
hsa04110	Cell cycle	PADOG	0	0	0	0	0	0	0	0	0	0	0	0	0	2.922709585	3.132202776	0	1.51372809
hsa04115	p53 signaling pathway	PADOG	0	0	0	0	0	0	0	0	0	0	0	0	0	0	3.132202776	0	0.783050694
hsa04142	Lysosome	PADOG	0	0	0	0	0	0	0	0	0	0	0	0	0	0	0	0	0
hsa04150	mTOR signaling pathway	PADOG	0	0	0	0	0	0	0	0	0	0	0	0	0	0	0	0	0
hsa04151	PI3K-Akt signaling pathway	PADOG	0	0	0	0	0	0	0	0	0	0	0	0	0	0	0	0	0
hsa04210	Apoptosis	PADOG	0	0	0	0	0	0	0	0	0	0	0	0	0	0	0	0	0
hsa04310	Wnt signaling pathway	PADOG	0	0	0	0	0	0	0	0	0	0	0	0	0	0	0	0	0
hsa04330	Notch signaling pathway	PADOG	0	0	0	0	0	0	0	0	0	0	0	0	0	0	0	0	0
hsa04340	Hedgehog signaling pathway	PADOG	0	0	0	0	0	0	0	0	0	0	0	0	0	0	0	0	0
hsa04350	TGF-beta signaling pathway	PADOG	0	0	0	0	0	0	0	0	0	0	0	0	0	0	0	0	0
hsa04370	VEGF signaling pathway	PADOG	0	0	0	0	0	0	0	0	0	0	0	0	0	0	0	0	0
hsa04510	Focal adhesion	PADOG	0	0	0	0	0	0	0	0	0	0	0	0	0	0	0	0	0
hsa04512	ECM-receptor interaction	PADOG	0	0	0	0	0	0	0	0	0	0	0	0	0	0	0	0	0
hsa04514	Cell adhesion molecules	PADOG	0	0	0	0	0	0	0	0	0	0	0	0	0	0	0	0	0
hsa04520	Adherens junction	PADOG	0	0	0	0	0	0	0	0	0	0	0	0	0	0	0	0	0
hsa04620	Toll-like receptor signaling pathway	PADOG	0	0	0	0	0	0	0	0	0	0	0	0	0	0	0	0	0
hsa04630	JAK-STAT signaling pathway	PADOG	0	0	0	0	0	0	0	0	0	0	0	0	0	0	0	0	0
hsa04660	T cell receptor signaling pathway	PADOG	0	0	0	0	0	0	0	0	0	0	0	0	0	0	0	0	0
hsa04662	B cell receptor signaling pathway	PADOG	0	0	0	0	0	0	0	0	0	0	0	0	0	0	0	0	0
hsa04810	Regulation of actin cytoskeleton	PADOG	0	0	0	0	0	0	0	0	0	0	0	0	0	0	0	0	0
hsa04915	Estrogen signaling pathway	PADOG	0	0	0	0	0	0	0	0	0	0	0	0	0	0	0	0	0
hsa05160	Hepatitis C	PADOG	0	0	0	0	0	0	0	0	0	0	0	0	0	0	0	0	0
hsa05161	Hepatitis B	PADOG	0	0	0	0	0	0	0	0	0	0	0	0	0	0	0	0	0
hsa05165	Human papillomavirus infection	PADOG	0	0	0	0	0	0	0	0	0	0	0	0	0	0	0	0	0
hsa05166	Human T-cell leukemia virus 1 infection	PADOG	0	0	0	0	0	0	0	0	0	0	0	0	0	0	0	0	0
hsa05167	Kaposi sarcoma-associated herpesvirus infection	PADOG	0	0	0	0	0	0	0	0	0	0	0	0	0	0	0	0	0
hsa05169	Epstein-Barr virus infection	PADOG	0	0	0	0	0	0	0	0	0	0	0	0	0	0	0	0	0
hsa05200	Pathways in cancer	PADOG	0	0	0	0	0	0	0	0	0	0	0	0	0	0	0	0	0
hsa05202	Transcriptional misregulation in cancer	PADOG	0	0	0	0	0	0	0	0	0	0	0	0	0	0	0	0	0
hsa05203	Viral carcinogenesis	PADOG	0	0	0	0	0	0	0	0	0	0	0	0	0	0	0	0	0
hsa05204	Chemical carcinogenesis - DNA adducts	PADOG	0	0	0	0	0	0	0	0	0	0	0	0	0	0	0	0	0
hsa05205	Proteoglycans in cancer	PADOG	0	0	0	0	0	0	0	0	0	0	0	0	0	0	0	0	0
hsa05206	MicroRNAs in cancer	PADOG	2.922709585	0	0	0	0	0	0	0	0	0	0	2.699709718	0	0	1.649023321	0	1.817860656
hsa05207	Chemical carcinogenesis - receptor activation	PADOG	0	0	0	0	0	0	0	0	0	0	0	0	0	0	0	0	0
hsa05208	Chemical carcinogenesis - reactive oxygen species	PADOG	0	0	0	0	0	0	0	0	0	0	0	0	0	0	0	0	0
hsa05210	Colorectal cancer	PADOG	0	0	0	0	0	0	0	0	0	2.922709585	0	0	0	0	0	0	0.730677396
hsa05211	Renal cell carcinoma	PADOG	0	0	0	0	0	0	0	0	0	0	0	0	0	0	0	0	0
hsa05214	Glioma	PADOG	0	0	0	0	0	0	0	0	2.699709718	0	0	0	0	0	0	0	0.674927429
hsa05215	Prostate cancer	PADOG	0	0	0	0	0	0	0	0	0	0	0	0	0	0	1.649023321	0	0.41225583
hsa05216	Thyroid cancer	PADOG	0	0	0	0	0	0	0	0	0	0	0	0	0	0	0	0	0
hsa05219	Bladder cancer	PADOG	0	0	0	0	0	0	0	0	0	0	0	0	0	0	0	0	0
hsa05221	Acute myeloid leukemia	PADOG	0	0	0	0	0	0	0	0	0	0	0	0	0	0	0	0	0
hsa05222	Small cell lung cancer	PADOG	0	0	0	0	0	0	0	0	0	0	0	0	0	0	0	0	0
hsa05223	Non-small cell lung cancer	PADOG	0	0	0	0	0	0	0	0	0	0	0	0	0	0	0	0	0
hsa05224	Breast cancer	PADOG	0	0	0	0	0	0	0	0	0	0	0	0	0	0	0	0	0
hsa05225	Hepatocellular carcinoma	PADOG	0	0	0	0	0	0	0	0	0	0	0	0	0	0	0	0	0
hsa05226	Gastric cancer	PADOG	0	0	0	0	0	0	0	0	0	0	0	0	0	0	0	0	0
hsa05230	Central carbon metabolism in cancer	PADOG	0	0	0	0	0	0	0	0	0	0	0	0	0	0	0	0	0
hsa05231	Choline metabolism in cancer	PADOG	0	0	0	0	0	0	0	0	0	0	0	0	0	0	0	0	0
hsa05235	PD-L1 expression and PD-1 checkpoint pathway in cancer	PADOG	0	0	0	0	0	0	0	0	0	0	0	0	0	0	0	0	0
hsa00010	Glycolysis / Gluconeogenesis	GSA	0	0	0	0	0	0	0	0	0	0	0	0	1.330561513	0	0	1.673211261	0.750943194
hsa00020	Citrate cycle (TCA cycle)	GSA	0	0	0	0	0	0	0	0	0	0	0	0	0	0	0	0	0
hsa00030	Pentose phosphate pathway	GSA	0	0	0	0	0	0	0	0	0	0	0	0	0	0	0	1.350718218	0.337679554
hsa00190	Oxidative phosphorylation	GSA	0	0	0	0	0	0	0	0	0	0	0	0	0	0	0	0	0
hsa00250	Alanine, aspartate and glutamate metabolism	GSA	0	0	0	0	0	0	0	0	0	0	0	0	0	0	0	1.673211261	0.418302815
hsa00260	Glycine, serine and threonine metabolism	GSA	0	0	0	0	0	0	0	0	0	0	0	0	0	0	0	1.673211261	0.418302815
hsa00330	Arginine and proline metabolism	GSA	0	0	0	0	0	0	0	0	0	0	0	0	0	0	0	1.427317592	0.356829398
hsa00564	Glycerophospholipid metabolism	GSA	0	0	0	0	0	0	0	0	0	0	0	0	0	0	0	1.350718218	0.337679554
hsa00980	Metabolism of xenobiotics by cytochrome P450	GSA	0	0	0	0	0	0	0	0	0	0	0	0	0	0	0	1.350718218	0.337679554
hsa01212	Fatty acid metabolism	GSA	0	0	0	0	0	0	0	0	0	0	0	0	1.673211261	0	0	1.673211261	0.83660563
hsa03022	Basal transcription factors	GSA	0	0	0	0	0	0	0	0	0	0	0	0	0	0	0	0	0
hsa03320	PPAR signaling pathway	GSA	0	0	0	1.673211261	0	0	0	0	0	0	0	0	1.673211261	0	0	1.673211261	1.254908446
hsa04010	MAPK signaling pathway	GSA	0	0	0	0	0	0	0	0	0	0	0	1.673211261	0	0	1.330561513	0	0.750943194
hsa04020	Calcium signaling pathway	GSA	0	0	0	1.673211261	0	0	0	0	0	0	0	1.673211261	0	0	1.673211261	0	1.254908446
hsa04024	cAMP signaling pathway	GSA	0	0	0	1.673211261	0	0	0	0	0	0	0	0	0	0	0	0	0.418302815
hsa04060	Cytokine-cytokine receptor interaction	GSA	0	0	0	0	0	0	0	0	0	0	0	0	0	0	0	0	0
hsa04062	Chemokine signaling pathway	GSA	0	0	0	0	0	0	0	0	0	0	0	0	0	0	0	0	0
hsa04064	NF-kappa B signaling pathway	GSA	0	0	0	0	0	0	0	0	0	0	0	0	0	0	0	0	0
hsa04066	HIF-1 signaling pathway	GSA	0	0	0	0	0	0	0	0	0	0	0	0	0	0	0	0	0
hsa04110	Cell cycle	GSA	0	0	0	0	0	0	0	0	0	0	0	0	0	0	0	0	0
hsa04115	p53 signaling pathway	GSA	0	0	0	0	0	0	0	0	0	0	0	0	0	0	0	0	0
hsa04142	Lysosome	GSA	0	0	0	0	0	0	0	0	0	0	0	0	0	0	0	0	0
hsa04150	mTOR signaling pathway	GSA	0	0	0	0	0	0	0	0	0	0	0	0	0	0	0	0	0
hsa04151	PI3K-Akt signaling pathway	GSA	0	0	0	0	0	0	0	0	0	0	0	0	0	0	0	0	0
hsa04210	Apoptosis	GSA	0	0	0	0	0	0	0	0	0	0	0	0	0	0	0	0	0
hsa04310	Wnt signaling pathway	GSA	0	0	0	0	0	0	0	0	0	0	0	0	0	0	0	0	0
hsa04330	Notch signaling pathway	GSA	0	0	0	0	0	0	0	0	0	0	0	0	0	0	0	0	0
hsa04340	Hedgehog signaling pathway	GSA	0	0	0	0	0	0	0	0	0	0	0	0	0	0	1.330561513	0	0.332640378
hsa04350	TGF-beta signaling pathway	GSA	0	0	0	0	0	0	0	0	0	0	0	0	0	0	0	0	0
hsa04370	VEGF signaling pathway	GSA	0	0	0	0	0	0	0	0	0	0	0	0	0	0	0	0	0
hsa04510	Focal adhesion	GSA	0	0	0	0	0	0	0	0	0	0	0	0	0	0	0	0	0
hsa04512	ECM-receptor interaction	GSA	0	0	0	0	0	0	0	0	0	0	0	0	0	0	0	0	0
hsa04514	Cell adhesion molecules	GSA	0	0	0	0	0	0	0	0	0	0	0	0	0	0	0	0	0
hsa04520	Adherens junction	GSA	0	0	0	0	0	0	0	0	0	0	0	0	0	0	0	0	0
hsa04620	Toll-like receptor signaling pathway	GSA	0	0	0	0	0	0	0	0	0	0	0	0	0	0	0	0	0
hsa04630	JAK-STAT signaling pathway	GSA	0	0	0	0	0	0	0	0	0	0	0	0	0	0	0	0	0
hsa04660	T cell receptor signaling pathway	GSA	0	0	0	0	0	0	0	0	0	0	0	0	0	0	0	0	0
hsa04662	B cell receptor signaling pathway	GSA	0	0	0	0	0	0	0	0	0	0	0	0	0	0	0	0	0
hsa04810	Regulation of actin cytoskeleton	GSA	0	0	0	0	0	0	0	0	0	0	0	0	0	0	0	0	0
hsa04915	Estrogen signaling pathway	GSA	0	0	0	0	0	0	0	0	0	0	0	0	0	0	0	0	0
hsa05160	Hepatitis C	GSA	0	0	0	0	0	0	0	0	0	0	0	0	0	0	0	0	0
hsa05161	Hepatitis B	GSA	0	0	0	0	0	0	0	0	0	0	0	0	0	0	0	0	0
hsa05165	Human papillomavirus infection	GSA	0	0	0	0	0	0	0	0	0	0	0	0	0	0	0	0	0
hsa05166	Human T-cell leukemia virus 1 infection	GSA	0	0	0	0	0	0	0	0	0	0	0	0	0	0	0	0	0
hsa05167	Kaposi sarcoma-associated herpesvirus infection	GSA	0	0	0	0	0	0	0	0	0	0	0	0	0	0	0	0	0
hsa05169	Epstein-Barr virus infection	GSA	0	0	0	0	0	0	0	0	0	0	0	0	0	0	0	0	0
hsa05200	Pathways in cancer	GSA	0	0	0	0	0	0	0	0	0	0	0	0	0	0	0	0	0
hsa05202	Transcriptional misregulation in cancer	GSA	0	0	0	0	0	0	0	0	0	0	0	0	0	0	0	0	0
hsa05203	Viral carcinogenesis	GSA	0	0	0	0	0	0	0	0	0	0	0	0	0	0	0	0	0
hsa05204	Chemical carcinogenesis - DNA adducts	GSA	0	0	0	0	0	0	0	0	0	0	0	0	0	0	0	1.350718218	0.337679554
hsa05205	Proteoglycans in cancer	GSA	0	0	0	0	0	0	0	0	0	0	0	1.673211261	0	0	0	0	0.418302815
hsa05206	MicroRNAs in cancer	GSA	0	0	0	0	0	0	0	0	0	0	0	0	0	0	0	0	0
hsa05207	Chemical carcinogenesis - receptor activation	GSA	0	0	0	0	0	0	0	0	0	0	0	0	0	0	0	0	0
hsa05208	Chemical carcinogenesis - reactive oxygen species	GSA	0	0	0	0	0	0	0	0	0	0	0	0	0	0	0	0	0
hsa05210	Colorectal cancer	GSA	0	0	0	0	0	0	0	0	0	0	0	0	0	0	0	0	0
hsa05211	Renal cell carcinoma	GSA	0	0	0	0	0	0	0	0	0	0	0	0	0	0	0	0	0
hsa05214	Glioma	GSA	0	0	0	0	0	0	0	0	0	0	0	0	0	0	0	0	0
hsa05215	Prostate cancer	GSA	0	0	0	0	0	0	0	0	0	0	0	0	0	0	0	0	0
hsa05216	Thyroid cancer	GSA	0	0	0	0	0	0	0	0	0	0	0	0	0	0	0	0	0
hsa05219	Bladder cancer	GSA	0	0	0	0	0	0	0	0	0	0	0	0	0	0	0	0	0
hsa05221	Acute myeloid leukemia	GSA	0	0	0	0	0	0	0	0	0	0	0	0	0	0	0	0	0
hsa05222	Small cell lung cancer	GSA	0	0	0	0	0	0	0	0	0	0	0	0	0	0	0	0	0
hsa05223	Non-small cell lung cancer	GSA	0	0	0	0	0	0	0	0	0	0	0	0	0	0	0	0	0
hsa05224	Breast cancer	GSA	0	0	0	0	0	0	0	0	0	0	0	0	0	0	0	0	0
hsa05225	Hepatocellular carcinoma	GSA	0	0	0	0	0	0	0	0	0	0	0	0	0	0	0	0	0
hsa05226	Gastric cancer	GSA	0	0	0	0	0	0	0	0	0	0	0	0	0	0	0	0	0
hsa05230	Central carbon metabolism in cancer	GSA	0	0	0	0	0	0	0	0	0	0	0	0	0	0	0	0	0
hsa05231	Choline metabolism in cancer	GSA	0	0	0	0	0	0	0	0	0	0	0	0	0	0	0	0	0
hsa05235	PD-L1 expression and PD-1 checkpoint pathway in cancer	GSA	0	0	0	0	0	0	0	0	0	0	0	0	0	0	0	0	0
hsa00010	Glycolysis / Gluconeogenesis	GSEA	0	0.76993274	0	1.504908015	0	0	0	0	0	0	0	0	1.015854525	0	0	0.950587761	1.06032076
hsa00020	Citrate cycle (TCA cycle)	GSEA	0	0	0	0	0	0	0	0	0	0	0	0	0.99266802	0	0	0	0.248167005
hsa00030	Pentose phosphate pathway	GSEA	0	0	0	0	0	0	0	0	0	0	0	0	0.739794	0	0	0	0.1849485
hsa00190	Oxidative phosphorylation	GSEA	0	0	0	0	0	0	0	0	0	0	0	0	0	0	0	0	0
hsa00250	Alanine, aspartate and glutamate metabolism	GSEA	0	0	0	0	0	0	0	0	0	0	0	0	0	0	0	0	0
hsa00260	Glycine, serine and threonine metabolism	GSEA	0	0	0	0.696633441	0	0	0	0	0	0	0	0	0	0	0	0.950587761	0.4118053
hsa00330	Arginine and proline metabolism	GSEA	0.949206344	0.76993274	0	0	0	0	0	0	0	0	0	0	0	0	0	0	0.429784771
hsa00564	Glycerophospholipid metabolism	GSEA	0.735751703	0	0	0.764532932	0	0	0	0	0	0	0	0	0	0	0	0	0.375071159
hsa00980	Metabolism of xenobiotics by cytochrome P450	GSEA	0	1.07546659	0	1.036095339	0	0	0.819221588	0	0	0	0	0	1.024916139	0	0	1.640688949	1.399097152
hsa01212	Fatty acid metabolism	GSEA	0	0	0	1.044214658	0.75785688	0	0	0	0	0	0	0	0.739794	0	0	0	0.635466384
hsa03022	Basal transcription factors	GSEA	0	0	0	0	0	0	0	0	0	0	0.862132153	0	0	0	0	0	0.215533038
hsa03320	PPAR signaling pathway	GSEA	0	0	0	1.656043549	0	0	0	0	0	0	1.006350601	0	2.051978586	2.051978586	0	2.051978586	2.204582477
hsa04010	MAPK signaling pathway	GSEA	2.051978586	0	0	0.953376873	0	0	0	0	0	0	0.916760796	1.316887563	0	0	0	0	1.309750955
hsa04020	Calcium signaling pathway	GSEA	2.051978586	0.909560409	0	1.064775074	0	0	0.714533605	0	0	0	0.957704078	1.692249695	0	0	0.790656631	0	2.045364519
hsa04024	cAMP signaling pathway	GSEA	2.051978586	0.924319487	0	1.504908015	0	0.832476566	0.819221588	0	0	0	0.957704078	2.051978586	0	0	0	0	2.285646726
hsa04060	Cytokine-cytokine receptor interaction	GSEA	0	0	0	0	0	0	0	0	0	0	0	0	0	0	0	0	0
hsa04062	Chemokine signaling pathway	GSEA	0	0	0	0	0.73954032	0	0	0	0	0	0	0	0	0	0	0	0.18488508
hsa04064	NF-kappa B signaling pathway	GSEA	0	0	0	0	0	0	0	0	0	0	0	0	0	0	0	0	0
hsa04066	HIF-1 signaling pathway	GSEA	0.790211651	0	0	0.764532932	0.73954032	0	0	0	0	0	0	0.921823404	0	0	0	0	0.804027077
hsa04110	Cell cycle	GSEA	2.051978586	0	0	1.656043549	0.73954032	0	1.461164146	1.096020051	2.051978586	0	1.095883369	2.051978586	2.051978586	2.051978586	2.051978586	1.640688949	5.000302975
hsa04115	p53 signaling pathway	GSEA	0.765741483	0	0	1.211137841	0	0	0.81936184	0	2.051978586	0	1.006350601	0.813088513	1.321730626	2.051978586	2.051978586	0	3.023336665
hsa04142	Lysosome	GSEA	0	0	0	0	0	0	0	0	0	0	0	0	0	0	0	0	0
hsa04150	mTOR signaling pathway	GSEA	0	0	0.742029882	0	1.165839525	0	0	0	0	0	0	0	0	0	0	0	0.476967352
hsa04151	PI3K-Akt signaling pathway	GSEA	1.402975619	0.76993274	0	0.915712472	0	0	0	0	0	0	0	0.957737528	0	0	0	0	1.01158959
hsa04210	Apoptosis	GSEA	0	0	0	0	0.75785688	0	0	0	0	0	0	0	0	0	0	0	0.18946422
hsa04310	Wnt signaling pathway	GSEA	1.628170313	1.07546659	0	0	0	0	0	0	0	0	0.862132153	0	0	0	0	0	0.891442264
hsa04330	Notch signaling pathway	GSEA	0	0	0	0	0	0	0	0	0	0	0	0	0	0	0	0	0
hsa04340	Hedgehog signaling pathway	GSEA	2.051978586	0	0	0.729045768	0	0	0	0	0	0	0.957704078	2.051978586	0	0	1.508250866	0	1.824739471
hsa04350	TGF-beta signaling pathway	GSEA	1.245543978	1.01823273	0	0	0	0	0	0	0	0	0	0.878646659	0	0	0	0	0.785605842
hsa04370	VEGF signaling pathway	GSEA	0.90297021	0	0	0	0	0	0	0	0	0	0	0	0	0	0	0	0.225742553
hsa04510	Focal adhesion	GSEA	1.402975619	0	0	0.827488919	0	0	0	0	0	0	0	1.316887563	0	0	0	0	0.886838025
hsa04512	ECM-receptor interaction	GSEA	0	0	0	0	0	0	0	0	0	0	0	0	0	0	0	0	0
hsa04514	Cell adhesion molecules	GSEA	0.866223056	0	0	0	0	0	0	0	0	0	0	0	0	0	0	0	0.216555764
hsa04520	Adherens junction	GSEA	0	0	0	0	0	0	0	0	0	0	0	0	0	0	0	0	0
hsa04620	Toll-like receptor signaling pathway	GSEA	0	0	0	0	0	0	0	0	0	0	0	0	0	0	0	0	0
hsa04630	JAK-STAT signaling pathway	GSEA	0	0	0	0	0	0	0	0	0	0	0	0	0	0	0	0	0
hsa04660	T cell receptor signaling pathway	GSEA	0	0	0	0	0	0	0	0	0	0	0	0	0	0	0	0	0
hsa04662	B cell receptor signaling pathway	GSEA	0	0	0	0	0	0	0	0	0	0	0	0	0	0	0	0	0
hsa04810	Regulation of actin cytoskeleton	GSEA	1.355947938	0.780710758	0	0.730690474	0	0	0	0	0	0	0	0	0	0	0	0	0.716837293
hsa04915	Estrogen signaling pathway	GSEA	0.912456329	1.07546659	0.742029882	0	0	0	0	0	0	0	0	0	0	0	0	0	0.682488201
hsa05160	Hepatitis C	GSEA	0	0.909560409	0	0	0	0	0	0	0	0	0	0	0	0	1.008415573	0	0.479493995
hsa05161	Hepatitis B	GSEA	0	0	0	0	0.724824542	0	0	0	0	0	0	0	0	0	0	0	0.181206136
hsa05165	Human papillomavirus infection	GSEA	0	0.76993274	0	0	0	0	0	0	0	0	0	0	0.99266802	0	0	0	0.44065019
hsa05166	Human T-cell leukemia virus 1 infection	GSEA	0	0	0	0	2.051978586	0	0	0	0	0	0	0	0	0	0	0	0.512994646
hsa05167	Kaposi sarcoma-associated herpesvirus infection	GSEA	0	0	0	0	0.719084448	0	0	0	0	0	0	0	0	0	0	0	0.179771112
hsa05169	Epstein-Barr virus infection	GSEA	0	0	0	0	0.75785688	0	0	0	0	0	0	0	0	0	0	0	0.18946422
hsa05200	Pathways in cancer	GSEA	0	0	0	0	0	0	0	0	0	0	0	0	0	0	0	0	0
hsa05202	Transcriptional misregulation in cancer	GSEA	0	0	0	0	0	0	0	0	0	0	0	0	0	0	0	0	0
hsa05203	Viral carcinogenesis	GSEA	1.345844621	0	0	1.504908015	1.018467627	0	0	0	0	0	1.003247831	1.322850799	2.051978586	0	2.051978586	0	2.574819017
hsa05204	Chemical carcinogenesis - DNA adducts	GSEA	0	0.909560409	0	1.064775074	0	0	1.023972746	0	0	0	0	0	0.803665818	0	0	2.051978586	1.463488158
hsa05205	Proteoglycans in cancer	GSEA	1.628170313	0.885350565	0	0	0	0	0	0	0	0	0.850083714	1.255420228	0	0	0	0	1.154756205
hsa05206	MicroRNAs in cancer	GSEA	0	0	0	0	0	0	0	1.039785525	0	0	0	0	1.321730626	0	0	0.950587761	0.828025978
hsa05207	Chemical carcinogenesis - receptor activation	GSEA	1.792136452	1.07546659	0	1.034389527	0	0.759689845	2.051978586	0	0	0	0	0	0	0	0	0.950587761	1.91606219
hsa05208	Chemical carcinogenesis - reactive oxygen species	GSEA	0	0	0	0	0	0	0	0	0	0	0	0	0.739794	0	0	0	0.1849485
hsa05210	Colorectal cancer	GSEA	0	0	0	0	0	0	0	0	0	0	0	0	0	0	0	0	0
hsa05211	Renal cell carcinoma	GSEA	0	0	0.742029882	0	0	0	0	0	0	0	0	0	0	0	0	0	0.185507471
hsa05214	Glioma	GSEA	0	0	0	0	0	0	0	0	0	0	0	0	0	0	0	0	0
hsa05215	Prostate cancer	GSEA	0	0	0	0	0	0	0	0	0	0	0	0	0	0	0	0	0
hsa05216	Thyroid cancer	GSEA	1.205573336	0	0	0	0	0	0	0	0	0	0	0	0	0	0	0	0.301393334
hsa05219	Bladder cancer	GSEA	0	0	0	0.953376873	0	0	0	0	0	0	0.850083714	1.209112413	0.938133126	0	1.204303687	0	1.288752453
hsa05221	Acute myeloid leukemia	GSEA	0	0	0	0	0	0	0	0	0	0	0	0	0	0	0	0	0
hsa05222	Small cell lung cancer	GSEA	0	0	0	0	0	0	0	0	0	0	0	0	1.556952205	0	0	0.950587761	0.626884991
hsa05223	Non-small cell lung cancer	GSEA	1.452090217	0	0	0	0	0	0	0	0	0	0	0	0	0	0	0	0.363022554
hsa05224	Breast cancer	GSEA	0.756273663	0.76993274	0	0.709087009	0	0	0	0	0	0	0	0	0	0	0	0	0.558823353
hsa05225	Hepatocellular carcinoma	GSEA	0.685421144	1.07546659	0	0	0	0	0	0	0	0	0	0	0	0	0	0	0.440221934
hsa05226	Gastric cancer	GSEA	1.083373085	0.909560409	0	0	0	0	0	0	0	0	0	0	0	0	0	0	0.498233374
hsa05230	Central carbon metabolism in cancer	GSEA	1.02505731	0.689667149	0	0	0	0	0	0	0	0	0	0	0	0	0	0	0.428681115
hsa05231	Choline metabolism in cancer	GSEA	2.051978586	0.986740758	0	1.036095339	0	0	0	0	0	0	0	0.902136154	0	0	0	0	1.244237709
hsa05235	PD-L1 expression and PD-1 checkpoint pathway in cancer	GSEA	0	0	0	0	0	0	0	0	0	0	0	0	0	0	0	0	0
hsa00010	Glycolysis / Gluconeogenesis	ORA	0	0	0	0	2.761152635	0	0	0	2.025402876	0	0	0	0	0	0	4.939363917	2.431479857
hsa00020	Citrate cycle (TCA cycle)	ORA	0	0	0	0	1.955697314	0	0	0	0	0	0	0	0	0	0	0	0.488924328
hsa00030	Pentose phosphate pathway	ORA	0	0	0	0	0	0	0	0	0	0	0	0	0	0	0	0	0
hsa00190	Oxidative phosphorylation	ORA	0	0	0	0	0	0	0	0	0	0	0	0	0	0	0	0	0
hsa00250	Alanine, aspartate and glutamate metabolism	ORA	0	0	0	0	2.485303783	0	0	0	4.521289376	0	0	0	1.692377601	0	0	5.48166174	3.545158125
hsa00260	Glycine, serine and threonine metabolism	ORA	0	3.260920088	0	0	3.197717889	0	1.66575043	2.288522911	4.94189237	0	0	0	1.823861105	0	0	5.088592107	5.566814225
hsa00330	Arginine and proline metabolism	ORA	2.220096159	4.232382668	0	0	3.194492476	0	0	1.727059758	3.291710994	0	2.067063425	0	2.841366145	0	0	4.340091203	5.978565707
hsa00564	Glycerophospholipid metabolism	ORA	0	0	0	1.65851323	0	0	0	0	0	0	0	0	0	0	0	1.713435239	0.842987117
hsa00980	Metabolism of xenobiotics by cytochrome P450	ORA	0	4.542054792	2.127644476	2.194153722	2.266701511	2.305555229	3.321170178	2.409543929	7.149961295	0	2.142020091	0	3.847943901	3.437168217	0	5.552398841	10.32407905
hsa01212	Fatty acid metabolism	ORA	0	0	0	0	0	0	0	0	0	0	0	0	0	0	0	4.08993693	1.022484233
hsa03022	Basal transcription factors	ORA	0	0	0	0	0	0	0	0	0	0	0	0	0	0	0	0	0
hsa03320	PPAR signaling pathway	ORA	0	2.600690864	2.073926861	4.648163484	2.626862621	0	2.769265437	2.117587203	4.559119194	2.198278872	0	0	3.790249112	0	0	5.669259109	8.26335069
hsa04010	MAPK signaling pathway	ORA	3.170835205	0	0	3.039176708	0	0	0	0	0	0	0	2.667123846	0	0	2.29789491	0	2.793757667
hsa04020	Calcium signaling pathway	ORA	4.707860308	5.960143787	5.39160581	4.671995043	3.886254337	8.186553366	6.620991854	4.544318621	0	3.341641916	3.142740895	5.577529548	5.05004756	3.625718841	4.638475726	0	17.3364694
hsa04024	cAMP signaling pathway	ORA	3.535710209	4.631006296	4.1286421	4.721397367	0	4.941981977	4.54517442	3.961464412	0	0	2.884418729	3.99982391	1.982846597	2.492201974	0	0	10.456167
hsa04060	Cytokine-cytokine receptor interaction	ORA	2.358020966	3.152390541	0	4.721397367	6.656167883	4.592417613	6.554275556	3.419925633	3.593890493	3.403400928	3.463492127	2.637205172	5.556214735	4.879132352	0	0	13.74698284
hsa04062	Chemokine signaling pathway	ORA	0	0	0	1.950057002	3.342162718	2.765770269	3.950289755	0	0	0	2.168200487	0	0	2.471944314	0	0	4.162106137
hsa04064	NF-kappa B signaling pathway	ORA	0	0	0	0	2.093355841	0	0	0	0	0	0	0	0	0	0	0	0.52333896
hsa04066	HIF-1 signaling pathway	ORA	0	0	0	0	2.523401828	0	0	0	0	0	0	0	0	0	0	0	0.630850457
hsa04110	Cell cycle	ORA	3.366618581	0	0	2.527036384	0	0	0	4.316659171	3.87989616	0	2.571554804	2.906887434	1.823033905	2.773652093	5.500450159	3.096385926	8.190543654
hsa04115	p53 signaling pathway	ORA	0	0	0	0	0	0	0	2.618287959	1.824116974	2.523811798	0	0	0	0	4.638475726	2.945663668	3.637589031
hsa04142	Lysosome	ORA	0	0	0	0	0	0	0	0	0	0	0	0	0	0	0	0	0
hsa04150	mTOR signaling pathway	ORA	0	0	0	0	0	0	0	0	0	0	0	0	0	0	0	0	0
hsa04151	PI3K-Akt signaling pathway	ORA	2.446158785	0	0	4.332187205	2.99962348	2.46990049	3.129035812	0	2.454357356	2.330305833	0	3.070929538	2.36698285	1.946301369	2.389249318	0	7.483758009
hsa04210	Apoptosis	ORA	0	0	0	0	0	0	0	0	0	0	0	0	0	0	2.050712897	0	0.512678224
hsa04310	Wnt signaling pathway	ORA	2.406185321	1.690085965	2.795447434	0	0	2.295258859	2.998480904	1.744216965	0	0	0	1.796154712	0	2.062104812	0	0	4.446983743
hsa04330	Notch signaling pathway	ORA	0	0	0	0	0	0	0	0	0	0	0	0	0	0	0	0	0
hsa04340	Hedgehog signaling pathway	ORA	0	0	0	0	0	0	0	0	0	0	0	0	0	0	0	0	0
hsa04350	TGF-beta signaling pathway	ORA	0	2.646420798	0	0	0	0	0	0	0	0	0	1.754584561	0	0	0	0	1.10025134
hsa04370	VEGF signaling pathway	ORA	0	0	0	0	0	0	0	0	0	0	0	0	0	0	0	0	0
hsa04510	Focal adhesion	ORA	3.729027743	1.834488232	3.390705013	4.188474459	1.75780506	0	0	0	0	2.396268184	0	3.99982391	3.530803813	2.81908481	3.469383459	2.14576188	8.315406641
hsa04512	ECM-receptor interaction	ORA	3.680738236	4.369820926	3.12211954	3.721677812	4.902057486	2.754181042	2.757103955	2.996195384	3.920191728	5.100767152	3.845296641	4.18987222	5.863159392	6.061752124	2.582252991	3.904217088	15.94285093
hsa04514	Cell adhesion molecules	ORA	4.237647157	4.718479385	0	3.535042175	8.557520998	5.813252828	6.546172627	2.996195384	1.93020963	3.403400928	5.38460101	2.986387499	1.749982527	6.70583688	0	0	14.64118226
hsa04520	Adherens junction	ORA	0	0	0	0	0	0	0	0	0	0	0	0	0	0	0	0	0
hsa04620	Toll-like receptor signaling pathway	ORA	0	0	0	0	0	0	0	0	0	0	0	0	0	0	0	0	0
hsa04630	JAK-STAT signaling pathway	ORA	0	0	0	1.959836009	0	0	0	0	0	0	0	0	0	0	0	0	0.489959002
hsa04660	T cell receptor signaling pathway	ORA	0	0	0	0	0	0	0	0	0	0	0	0	0	0	0	0	0
hsa04662	B cell receptor signaling pathway	ORA	0	0	0	0	0	0	0	0	0	0	0	0	0	0	0	0	0
hsa04810	Regulation of actin cytoskeleton	ORA	0	0	0	1.949573913	0	0	0	0	0	0	0	0	0	0	0	0	0.487393478
hsa04915	Estrogen signaling pathway	ORA	0	0	0	0	0	0	0	0	0	0	0	0	0	0	0	0	0
hsa05160	Hepatitis C	ORA	0	0	0	0	0	0	0	0	0	0	0	0	0	0	0	0	0
hsa05161	Hepatitis B	ORA	0	0	0	0	0	0	0	0	0	0	0	0	0	0	0	0	0
hsa05165	Human papillomavirus infection	ORA	0	0	0	1.775356385	2.281334915	0	0	0	0	0	0	0	0	0	2.144283667	0	1.550243742
hsa05166	Human T-cell leukemia virus 1 infection	ORA	0	0	0	0	2.537692916	0	0	0	0	0	0	0	0	1.887786511	0	0	1.106369857
hsa05167	Kaposi sarcoma-associated herpesvirus infection	ORA	0	0	0	0	0	0	0	0	0	0	0	0	0	0	0	0	0
hsa05169	Epstein-Barr virus infection	ORA	0	0	0	0	2.258793522	0	0	0	0	0	0	0	0	0	0	0	0.564698381
hsa05200	Pathways in cancer	ORA	2.718800968	2.599675481	0	3.449102802	3.491677951	3.141548545	3.828977033	2.210668247	2.28104409	2.932259341	2.018000556	3.700033804	1.982846597	3.230283754	2.464340289	0	10.01231486
hsa05202	Transcriptional misregulation in cancer	ORA	3.249053195	0	0	3.337040635	0	1.941827476	0	0	2.887679437	2.414377339	0	2.461915416	1.982846597	3.130296576	0	0	5.351259168
hsa05203	Viral carcinogenesis	ORA	0	0	0	0	0	0	0	0	0	0	0	0	0	0	0	0	0
hsa05204	Chemical carcinogenesis - DNA adducts	ORA	0	3.249574008	2.65843057	0	0	1.648747029	3.845985112	0	7.213287357	0	0	0	2.617618942	0	0	4.938121371	6.542941097
hsa05205	Proteoglycans in cancer	ORA	2.491109138	1.925765464	2.837713831	2.629277701	2.016420675	3.130131822	2.785350685	0	0	0	0	4.18987222	0	1.660838268	2.29789491	0	6.491093679
hsa05206	MicroRNAs in cancer	ORA	3.639397285	0	1.734160535	3.071227846	0	3.225936288	2.910406442	2.430843208	2.5365945	0	2.544252097	3.639792961	0	2.797203371	4.340100483	2.22946293	8.774844486
hsa05207	Chemical carcinogenesis - receptor activation	ORA	0	3.046277551	1.90935638	3.071227846	0	3.667099582	4.572746466	2.288522911	3.291710994	0	1.948343241	0	2.566628109	1.892226341	0	2.311168299	7.64132693
hsa05208	Chemical carcinogenesis - reactive oxygen species	ORA	0	0	0	0	0	0	0	0	0	0	0	0	0	0	0	0	0
hsa05210	Colorectal cancer	ORA	0	0	0	0	0	0	0	0	0	0	0	0	0	0	0	0	0
hsa05211	Renal cell carcinoma	ORA	0	0	0	0	0	0	0	0	0	0	0	0	0	0	0	0	0
hsa05214	Glioma	ORA	0	0	0	0	0	0	0	0	0	0	0	0	0	0	0	0	0
hsa05215	Prostate cancer	ORA	0	0	0	2.279629697	0	0	0	0	0	0	0	0	0	0	0	0	0.569907424
hsa05216	Thyroid cancer	ORA	0	0	0	0	0	0	0	0	0	0	0	0	0	0	0	0	0
hsa05219	Bladder cancer	ORA	0	0	0	0	0	0	0	0	0	0	0	0	0	0	0	0	0
hsa05221	Acute myeloid leukemia	ORA	0	0	0	0	0	0	0	0	0	0	0	0	0	0	0	0	0
hsa05222	Small cell lung cancer	ORA	0	0	0	1.949573913	0	0	0	0	2.246660826	2.119025537	0	0	2.182508288	0	0	2.542259069	2.760006908
hsa05223	Non-small cell lung cancer	ORA	0	0	0	1.763657172	0	0	0	0	0	0	0	0	0	0	0	0	0.440914293
hsa05224	Breast cancer	ORA	0	0	0	2.272868003	0	0	2.033130395	0	0	0	0	1.754584561	0	0	0	0	1.51514574
hsa05225	Hepatocellular carcinoma	ORA	0	0	0	0	0	0	0	0	0	0	0	0	0	0	0	0	0
hsa05226	Gastric cancer	ORA	1.884444178	0	0	1.850004919	0	0	2.49275543	0	0	0	0	2.488111294	0	0	1.71040074	0	2.60642914
hsa05230	Central carbon metabolism in cancer	ORA	0	0	0	0	2.690823797	0	0	0	0	0	0	0	0	0	0	1.733970046	1.106198461
hsa05231	Choline metabolism in cancer	ORA	0	0	0	0	0	0	0	0	0	0	0	0	0	0	0	0	0
hsa05235	PD-L1 expression and PD-1 checkpoint pathway in cancer	ORA	0	0	0	0	0	0	0	0	0	0	0	0	0	0	0	0	0
