7298
6241
983
9768
890
51203
11065
11130
891
9133
8318
64151
4175
51053
7153
990
22974
29089
4173
84057
113130
10403
55789
699
9787
3832
3512
55355
4288
3925
3161
3500
4605
79682
9232
51659
991
81567
10615
332
9055
55165
8836
11004
94240
3833
608
79801
1033
83540
6941
1718
6319
54855
4171
10024
952
92906
3502
8638
445815
3429
109864272
9212
2237
29028
1869
51237
8365
65244
100169751
100169753
100169754
100169755
100169756
100169757
100169758
100169759
100169761
100169762
100169763
100169764
100169765
100169766
100169767
100169768
8970
8339
3040
387882
257019
7083
100423062
1719
9697
6518
22936
22895
3998
7345
93100
5806
1950
494143
147807
54877
64105
2731
3656
3538
2529
6675
8698
122509
5450
3537
8348
22885
79598
85363
3539
81618
11119
79056
3662
130589
351
219988
706
84174
8343
55507
4680
51303
3039
147339
6923
54979
6678
441864
8345
3514
79971
84333
348262
4311
55350
54407
54464
7184
23531
23495
6782
1088
4051
734
57674
51439
54625
129607
9334
6947
10346
80830
135112
4940
151636
6772
9663
3501
24138
55601
23231
10561
54900
4939
10964
90701
8347
3690
100132406
83666
3017
5610
91543
100820829
4599
25832
3434
219537
153222
4713
10384
100133941
1997
64135
101060226
80267
2633
4938
6036
3493
219285
3437
513
5577
51191
4061
114908
54809
6868
1397
91319
8900
19
374291
2162
1669
4353
4317
444882
115361
23347
254225
671
57162
3433
4057
6773
54739
3503
9582
1667
29952
120892
64407
4973
140609
11274
100913187
23389
23586
1955
6037
55790
6035
55454
932
51673
8926
8916
8819
2635
80315
162394
81030
29126
2215
100169760
55196
81027
5414
9381
440068
55008
1511
5273
115362
2537
924
10562
375298
3043
10321
728358
710
90355
116071
8460
820
1668
28834
3934
51513
64108
6614
3507
1118
8876
8809
3494
