3500
3429
3512
3502
3538
3537
3539
51237
3040
81567
608
3514
100423062
3493
94240
1667
3501
91543
10964
7298
3039
1669
6241
4317
3434
1668
4940
1088
8638
4057
8365
728358
22895
129607
4061
10561
3503
10562
8348
3437
4605
4939
983
100169751
100169753
100169754
100169755
100169756
100169757
100169758
100169759
100169761
100169762
100169763
100169764
100169765
100169766
100169767
100169768
1511
54739
4599
4680
671
55601
81618
2633
11130
11274
6947
4938
54877
51191
4311
5450
51203
4353
991
54855
9582
9133
7153
3433
109864272
3925
6035
100133941
2537
699
11119
10024
8836
9232
952
6037
710
3998
9768
8343
54625
